104,101,256
32,116,257
32,97,258
116,104,259
32,115,260
32,119,261
97,110,262
110,100,263
32,104,264
101,100,265
101,114,266
116,111,267
32,98,268
105,110,269
119,97,270
32,102,271
114,101,272
32,84,273
105,116,274
111,117,275
97,115,276
104,97,277
101,110,278
32,108,279
84,104,280
32,100,281
32,105,282
32,99,283
32,112,284
97,114,285
32,109,286
97,121,287
111,109,288
109,101,289
97,116,290
32,111,291
118,101,292
115,97,293
108,101,294
110,103,295
111,110,296
104,105,297
110,101,298
101,121,299
32,110,300
105,100,301
105,115,302
105,109,303
116,101,304
107,101,305
111,114,306
32,103,307
111,111,308
108,108,309
32,83,310
97,108,311
108,105,312
99,97,313
115,116,314
110,116,315
105,108,316
111,116,317
108,111,318
101,97,319
97,105,320
108,97,321
97,100,322
117,110,323
105,114,324
117,116,325
114,105,326
119,105,327
101,116,328
101,108,329
119,101,330
115,104,331
98,101,332
98,105,333
114,111,334
115,101,335
101,115,336
108,121,337
97,109,338
100,101,339
114,121,340
105,101,341
32,114,342
112,108,343
100,97,344
72,101,345
104,111,346
32,72,347
109,111,348
116,105,349
111,119,350
101,101,351
105,103,352
32,34,353
102,111,354
115,111,355
109,97,356
110,111,357
98,111,358
112,112,359
112,101,360
97,112,361
99,101,362
116,116,363
83,104,364
99,111,365
32,73,366
84,105,367
114,97,368
32,117,369
100,111,370
102,114,371
79,110,372
117,108,373
32,101,374
32,121,375
108,100,376
99,107,377
103,101,378
112,111,379
111,107,380
121,111,381
117,115,382
114,100,383
97,99,384
99,104,385
110,97,386
116,114,387
116,97,388
32,76,389
97,119,390
117,114,391
105,99,392
111,102,393
117,112,394
111,103,395
103,104,396
98,117,397
98,97,398
32,118,399
112,121,400
76,105,401
103,111,402
32,107,403
116,108,404
100,115,405
117,103,406
100,105,407
101,99,408
119,104,409
102,117,410
110,99,411
111,121,412
84,111,413
102,101,414
111,108,415
32,66,416
103,105,417
109,105,418
39,115,419
119,111,420
32,77,421
112,97,422
97,118,423
46,34,424
107,105,425
97,107,426
102,105,427
73,116,428
101,119,429
112,105,430
115,109,431
111,118,432
114,116,433
121,101,434
115,105,435
109,121,436
33,34,437
110,121,438
101,109,439
117,99,440
105,107,441
111,112,442
103,97,443
104,116,444
103,114,445
108,112,446
101,118,447
111,100,448
114,107,449
97,117,450
114,115,451
102,97,452
99,105,453
97,103,454
83,97,455
110,105,456
101,105,457
116,115,458
112,114,459
117,101,460
114,108,461
121,115,462
32,65,463
110,107,464
101,112,465
115,107,466
117,109,467
115,115,468
102,108,469
114,114,470
97,98,471
98,108,472
105,118,473
99,108,474
116,117,475
32,106,476
115,117,477
83,117,478
112,117,479
107,110,480
115,112,481
66,117,482
77,97,483
110,110,484
101,120,485
115,99,486
98,114,487
63,34,488
117,100,489
110,115,490
104,117,491
108,116,492
114,110,493
114,117,494
39,116,495
108,107,496
109,117,497
105,97,498
100,114,499
111,99,500
66,101,501
119,110,502
103,115,503
77,111,504
97,120,505
99,116,506
116,121,507
121,105,508
111,97,509
111,115,510
111,98,511
109,112,512
32,79,513
99,121,514
102,116,515
109,109,516
89,111,517
115,108,518
105,102,519
83,112,520
111,105,521
100,121,522
83,111,523
100,100,524
108,115,525
87,104,526
116,99,527
99,114,528
65,110,529
109,98,530
101,102,531
76,117,532
32,87,533
107,115,534
117,105,535
106,117,536
32,89,537
114,109,538
97,102,539
103,103,540
111,120,541
98,121,542
108,117,543
32,74,544
113,117,545
102,102,546
115,119,547
104,114,548
118,105,549
76,101,550
77,105,551
106,111,552
66,111,553
72,105,554
44,34,555
99,117,556
120,99,557
105,111,558
114,102,559
100,110,560
67,97,561
114,112,562
119,108,563
89,101,564
226,128,565
107,121,566
74,97,567
101,111,568
111,101,569
120,112,570
32,69,571
32,70,572
78,111,573
103,108,574
121,109,575
115,113,576
101,103,577
32,67,578
87,101,579
65,109,580
65,115,581
73,110,582
116,119,583
108,119,584
68,111,585
100,108,586
69,118,587
110,117,588
110,108,589
98,98,590
105,112,591
39,109,592
121,97,593
112,116,594
114,99,595
70,114,596
107,97,597
104,121,598
112,104,599
115,121,600
32,68,601
114,103,602
118,111,603
120,116,604
10,10,605
105,122,606
32,80,607
108,102,608
117,97,609
105,120,610
115,110,611
122,101,612
32,78,613
32,71,614
103,117,615
109,115,616
101,98,617
119,114,618
106,101,619
121,117,620
65,116,621
74,111,622
110,106,623
65,102,624
100,117,625
32,113,626
100,98,627
75,105,628
71,114,629
97,122,630
106,97,631
79,104,632
65,108,633
128,156,634
128,157,635
32,75,636
66,105,637
120,101,638
117,98,639
76,111,640
87,111,641
110,102,642
32,226,643
100,118,644
111,104,645
121,98,646
32,122,647
103,110,648
117,121,649
114,98,650
107,108,651
77,114,652
104,110,653
82,101,654
68,97,655
101,107,656
122,122,657
99,99,658
119,115,659
80,101,660
70,105,661
110,118,662
122,111,663
39,114,664
77,117,665
112,115,666
105,98,667
87,105,668
121,116,669
79,107,670
74,101,671
74,105,672
108,99,673
118,97,674
118,121,675
117,102,676
104,100,677
34,46,678
121,119,679
108,109,680
32,82,681
79,75,682
122,121,683
108,98,684
128,153,685
101,117,686
109,102,687
71,111,688
122,105,689
102,121,690
103,121,691
80,111,692
76,97,693
32,39,694
101,104,695
83,116,696
74,117,697
77,121,698
98,106,699
100,109,700
72,111,701
100,103,702
117,122,703
46,226,704
104,108,705
97,104,706
80,97,707
32,45,708
122,108,709
33,226,710
107,102,711
121,99,712
80,108,713
116,102,714
67,104,715
79,119,716
67,111,717
73,102,718
108,118,719
39,108,720
97,101,721
71,105,722
122,97,723
109,108,724
83,105,725
110,98,726
87,97,727
79,102,728
70,108,729
69,110,730
72,97,731
79,117,732
84,119,733
100,112,734
84,86,735
114,118,736
112,107,737
66,108,738
78,105,739
84,117,740
65,114,741
104,115,742
32,90,743
63,226,744
10,32,745
115,102,746
32,81,747
81,117,748
33,39,749
68,105,750
104,113,751
103,100,752
118,114,753
66,97,754
69,120,755
257,256,756
258,263,757
257,111,758
261,276,759
273,256,760
256,121,761
282,116,762
260,320,763
320,100,764
264,266,765
347,101,766
284,321,767
274,104,768
281,287,769
261,274,770
310,256,771
273,303,772
282,110,773
264,302,774
268,352,775
264,361,776
277,116,777
375,275,778
271,326,779
326,278,780
261,262,781
257,277,782
264,101,783
271,306,784
286,288,785
264,322,786
361,400,787
260,256,788
300,317,789
291,110,790
404,101,791
266,121,792
291,102,793
399,266,794
304,100,795
279,274,796
274,404,797
260,390,798
316,121,799
256,272,800
275,376,801
321,121,802
266,101,803
257,303,804
269,103,805
389,316,806
303,101,807
300,338,808
338,265,809
273,288,810
305,100,811
278,116,812
268,325,813
262,304,814
261,266,815
268,324,816
366,116,817
264,329,818
257,308,819
279,441,820
278,405,821
261,278,822
324,100,823
256,114,824
279,308,825
372,362,826
283,275,827
288,101,828
260,111,829
282,115,830
256,110,831
379,110,832
258,309,833
369,379,834
283,290,835
307,324,836
426,101,837
257,297,838
328,256,839
324,108,840
395,328,841
297,295,842
257,395,843
372,101,844
283,262,845
271,323,846
338,101,847
329,112,848
294,100,849
423,101,850
280,101,851
260,388,852
308,107,853
260,288,854
269,100,855
257,412,856
275,263,857
268,101,858
256,324,859
279,432,860
281,395,861
283,285,862
374,292,863
284,285,864
384,107,865
434,100,866
281,301,867
369,112,868
260,418,869
418,294,870
271,329,871
278,100,872
256,109,873
258,116,874
264,303,875
432,265,876
258,272,877
308,305,878
285,107,879
308,100,880
321,434,881
291,325,882
272,100,883
271,275,884
257,272,885
268,384,886
260,351,887
329,116,888
260,346,889
264,423,890
268,412,891
271,269,892
260,322,893
441,265,894
286,426,895
300,429,896
292,340,897
311,108,898
307,111,899
268,311,900
286,262,901
261,275,902
421,505,903
336,116,904
261,306,905
268,408,906
287,115,907
258,466,908
260,267,909
334,109,910
416,325,911
379,116,912
310,460,913
307,308,914
272,101,915
275,335,916
298,100,917
513,298,918
304,114,919
260,313,920
319,114,921
310,338,922
334,323,923
323,100,924
350,110,925
295,115,926
271,334,927
260,356,928
262,116,929
264,288,930
441,101,931
310,379,932
288,328,933
316,108,934
406,444,935
296,103,936
259,266,937
261,256,938
326,265,939
279,319,940
261,277,941
257,346,942
346,406,943
261,311,944
388,433,945
466,265,946
342,319,947
264,319,948
268,317,949
281,350,950
356,309,951
260,287,952
433,265,953
450,396,954
296,101,955
284,325,956
416,278,957
306,101,958
283,338,959
286,121,960
317,104,961
264,275,962
508,295,963
260,277,964
292,114,965
284,392,966
261,290,967
279,473,968
321,508,969
313,272,970
352,444,971
342,262,972
537,275,973
279,317,974
403,357,975
286,306,976
286,322,977
322,101,978
360,100,979
389,440,980
440,121,981
286,101,982
301,101,983
260,323,984
257,326,985
270,121,986
260,349,987
258,270,988
279,450,989
291,259,990
268,541,991
401,337,992
290,385,993
258,443,994
443,269,995
403,298,996
261,316,997
473,265,998
328,297,999
261,101,1000
307,328,1001
282,315,1002
281,111,1003
412,115,1004
258,334,1005
283,288,1006
268,336,1007
297,115,1008
509,116,1009
258,110,1010
275,114,1011
315,111,1012
281,408,1013
421,288,1014
261,346,1015
285,100,1016
298,119,1017
319,493,1018
307,317,1019
357,119,1020
415,100,1021
271,351,1022
258,358,1023
260,387,1024
279,296,1025
264,406,1026
403,269,1027
260,312,1028
280,299,1029
261,269,1030
358,325,1031
283,318,1032
284,334,1033
392,101,1034
307,272,1035
408,301,1036
360,298,1037
258,115,1038
342,308,1039
301,265,1040
374,557,1041
440,104,1042
396,265,1043
335,100,1044
257,311,1045
367,109,1046
268,509,1047
421,498,1048
308,109,1049
557,274,1050
284,272,1051
281,322,1052
475,272,1053
260,360,1054
300,392,1055
382,116,1056
290,266,1057
268,319,1058
262,121,1059
258,438,1060
261,297,1061
271,308,1062
277,272,1063
306,340,1064
463,263,1065
291,360,1066
271,318,1067
425,295,1068
310,111,1069
374,290,1070
268,334,1071
408,338,1072
435,339,1073
450,335,1074
274,265,1075
277,464,1076
342,500,1077
342,265,1078
311,305,1079
342,323,1080
325,435,1081
257,426,1082
307,423,1083
272,290,1084
308,114,1085
408,450,1086
359,265,1087
413,109,1088
286,440,1089
339,100,1090
291,298,1091
416,511,1092
384,101,1093
268,308,1094
564,115,1095
285,531,1096
531,373,1097
291,376,1098
312,339,1099
281,296,1100
323,438,1101
351,100,1102
257,548,1103
257,340,1104
262,100,1105
328,304,1106
329,108,1107
318,330,1108
260,391,1109
378,100,1110
271,276,1111
302,304,1112
286,382,1113
490,301,1114
307,334,1115
268,328,1116
294,119,1117
363,121,1118
410,108,1119
260,297,1120
476,467,1121
493,265,1122
264,391,1123
291,292,1124
257,415,1125
311,107,1126
283,308,1127
257,391,1128
258,456,1129
456,356,1130
304,110,1131
292,110,1132
327,295,1133
272,363,1134
281,308,1135
385,265,1136
284,341,1137
307,368,1138
302,104,1139
260,306,1140
279,302,1141
282,490,1142
281,272,1143
361,360,1144
584,287,1145
260,327,1146
447,266,1147
374,263,1148
260,566,1149
319,100,1150
283,426,1151
336,115,1152
456,295,1153
264,352,1154
276,116,1155
432,101,1156
284,361,1157
361,266,1158
261,302,1159
271,337,1160
258,584,1161
334,489,1162
300,111,1163
264,262,1164
317,115,1165
471,294,1166
264,350,1167
307,285,1168
300,351,1169
300,319,1170
356,525,1171
260,545,1172
360,453,1173
453,311,1174
309,121,1175
392,305,1176
262,107,1177
271,324,1178
308,110,1179
349,377,1180
256,100,1181
473,101,1182
521,295,1183
347,266,1184
279,328,1185
349,295,1186
403,274,1187
260,296,1188
291,563,1189
515,266,1190
504,109,1191
283,415,1192
280,262,1193
308,425,1194
438,348,1195
348,272,1196
347,302,1197
463,436,1198
302,101,1199
571,292,1200
319,385,1201
339,110,1202
260,430,1203
384,104,1204
258,109,1205
271,294,1206
288,436,1207
392,475,1208
282,102,1209
351,112,1210
282,458,1211
264,285,1212
283,294,1213
263,266,1214
312,295,1215
274,101,1216
391,459,1217
459,302,1218
391,116,1219
282,339,1220
318,119,1221
500,107,1222
286,454,1223
454,392,1224
339,114,1225
369,335,1226
517,117,1227
406,378,1228
352,104,1229
257,368,1230
339,97,1231
283,256,1232
311,337,1233
330,100,1234
260,379,1235
403,301,1236
301,115,1237
482,116,1238
343,101,1239
484,97,1240
285,339,1241
374,384,1242
510,116,1243
329,360,1244
340,296,1245
361,430,1246
258,515,1247
318,335,1248
550,116,1249
351,108,1250
319,383,1251
268,121,1252
281,262,1253
258,359,1254
264,301,1255
760,121,1256
763,100,1257
770,104,1258
756,121,1259
776,400,1260
794,121,1261
796,791,1262
782,116,1263
767,121,1264
804,101,1265
806,121,1266
808,265,1267
781,795,1268
815,101,1269
756,272,1270
779,821,1271
822,116,1272
816,100,1273
834,110,1274
836,108,1275
843,839,1276
839,114,1277
818,112,1278
827,376,1279
756,324,1280
756,109,1281
779,872,1282
767,866,1283
825,811,1284
884,263,1285
886,107,1286
871,116,1287
860,265,1288
820,265,1289
864,107,1290
869,849,1291
902,376,1292
890,101,1293
932,116,1294
820,101,1295
885,101,1296
930,101,1297
895,101,1298
908,265,1299
941,116,1300
900,108,1301
838,926,1302
950,110,1303
928,309,1304
942,935,1305
781,116,1306
892,100,1307
852,953,1308
959,101,1309
914,100,1310
962,335,1311
767,963,1312
927,109,1313
949,104,1314
819,107,1315
980,121,1316
920,883,1317
854,101,1318
988,121,1319
977,101,1320
990,266,1321
994,269,1322
938,110,1323
854,999,1324
999,295,1325
1005,924,1326
756,110,1327
985,265,1328
856,115,1329
1007,116,1330
997,108,1331
996,119,1332
968,265,1333
952,115,1334
863,340,1335
1023,325,1336
1002,111,1337
975,119,1338
989,1043,1339
1013,1040,1340
976,101,1341
778,114,1342
1039,109,1343
838,115,1344
901,121,1345
1055,101,1346
906,847,1347
1041,1075,1348
1047,116,1349
882,1073,1350
1083,101,1351
906,1074,1352
1025,103,1353
1089,104,1354
825,107,1355
862,1097,1356
1028,339,1357
967,266,1358
940,1122,1359
944,811,1360
1116,919,1361
1125,100,1362
1062,100,1363
782,464,1364
1051,1118,1365
1135,114,1366
1157,266,1367
1151,101,1368
1161,907,1369
1033,489,1370
974,115,1371
1129,1171,1372
1140,340,1373
1054,1174,1374
1027,100,1375
987,377,1376
1193,107,1377
1124,114,1378
1060,1196,1379
1067,330,1380
1082,101,1381
964,272,1382
1206,119,1383
966,1053,1384
863,110,1385
776,1037,1386
1037,100,1387
1142,983,1388
1111,116,1389
1109,1218,1390
1123,116,1391
1094,107,1392
1077,107,1393
1223,392,1394
1154,104,1395
1220,97,1396
1236,115,1397
966,811,1398
1242,104,1399
1245,101,1400
776,430,1401
1247,266,1402
760,110,1403
1022,108,1404
1115,924,1405
1170,114,1406
369,1214,1407
310,285,1408
268,543,1409
464,265,1410
1026,1110,1411
948,383,1412
476,1056,1413
268,368,1414
261,320,1415
1120,438,1416
268,406,1417
1035,278,1418
286,296,1419
285,97,1420
863,114,1421
1168,1202,1422
467,436,1423
260,539,1424
281,368,1425
818,979,1426
268,326,1427
485,116,1428
268,351,1429
869,294,1430
332,114,1431
260,304,1432
867,110,1433
589,121,1434
283,311,1435
283,312,1436
767,362,1437
266,115,1438
268,382,1439
578,262,1440
342,439,1441
472,101,1442
286,319,1443
533,831,1444
281,415,1445
260,290,1446
300,485,1447
465,116,1448
572,910,1449
570,408,1450
463,1240,1451
533,101,1452
283,325,1453
430,337,1454
305,116,1455
407,295,1456
408,795,1457
539,101,1458
1213,262,1459
271,285,1460
376,110,1461
258,304,1462
268,350,1463
280,290,1464
291,114,1465
275,396,1466
377,115,1467
1218,265,1468
369,298,1469
298,570,1470
1066,110,1471
1035,290,1472
909,272,1473
260,393,1474
300,1147,1475
369,315,1476
784,904,1477
827,315,1478
543,101,1479
1169,100,1480
283,296,1481
279,322,1482
322,121,1483
268,322,1484
261,287,1485
279,275,1486
1121,979,1487
264,442,1488
569,115,1489
286,328,1490
350,266,1491
1032,335,1492
516,121,1493
271,1093,1494
1030,100,1495
1024,936,1496
378,114,1497
271,338,1498
338,799,1499
889,373,1500
373,100,1501
268,955,1502
315,316,1503
1146,295,1504
257,494,1505
260,1179,1506
1071,305,1507
271,610,1508
285,109,1509
300,448,1510
1006,101,1511
260,319,1512
260,294,1513
257,324,1514
860,101,1515
1066,917,1516
268,265,1517
393,116,1518
905,107,1519
264,415,1520
370,119,1521
291,546,1522
1254,294,1523
257,420,1524
307,1183,1525
281,269,1526
889,119,1527
307,1182,1528
448,1090,1529
268,318,1530
403,465,1531
294,465,1532
1061,294,1533
944,107,1534
889,1234,1535
1141,1131,1536
415,101,1537
526,278,1538
558,382,1539
467,332,1540
264,276,1541
318,377,1542
291,597,1543
597,121,1544
258,295,1545
282,512,1546
457,295,1547
623,412,1548
260,475,1549
283,277,1550
454,101,1551
283,297,1552
568,1239,1553
342,465,1554
374,570,1555
415,108,1556
364,101,1557
312,530,1558
439,439,1559
439,332,1560
324,265,1561
785,436,1562
389,328,1563
320,116,1564
268,457,1565
272,108,1566
375,467,1567
396,116,1568
330,451,1569
544,865,1570
835,385,1571
1159,101,1572
284,568,1573
300,467,1574
1058,114,1575
561,110,1576
1137,362,1577
1178,314,1578
271,1139,1579
362,115,1580
320,108,1581
258,525,1582
525,111,1583
388,315,1584
374,623,1585
310,1233,1586
838,464,1587
1200,340,1588
909,1087,1589
264,323,1590
938,272,1591
264,290,1592
1212,100,1593
373,108,1594
281,326,1595
279,1243,1596
281,302,1597
816,405,1598
269,121,1599
286,916,1600
360,114,1601
987,309,1602
342,320,1603
1045,107,1604
1143,468,1605
326,295,1606
368,292,1607
909,340,1608
1188,103,1609
286,302,1610
375,329,1611
275,100,1612
311,849,1613
846,438,1614
374,434,1615
257,442,1616
264,320,1617
1053,115,1618
261,296,1619
316,337,1620
1253,362,1621
268,285,1622
269,101,1623
1058,325,1624
330,114,1625
512,306,1626
306,388,1627
284,317,1628
940,493,1629
871,108,1630
626,535,1631
614,368,1632
342,971,1633
342,471,1634
471,333,1635
333,116,1636
455,368,1637
1113,116,1638
320,114,1639
765,101,1640
940,292,1641
271,423,1642
264,317,1643
271,415,1644
325,519,1645
519,373,1646
268,290,1647
863,1245,1648
531,958,1649
258,445,1650
285,101,1651
329,1221,1652
1030,370,1653
964,883,1654
284,276,1655
320,110,1656
914,627,1657
627,434,1658
284,278,1659
268,471,1660
640,380,1661
434,115,1662
271,320,1663
423,306,1664
306,1216,1665
905,811,1666
430,295,1667
967,385,1668
782,110,1669
1127,425,1670
463,309,1671
366,110,1672
1113,392,1673
295,340,1674
624,919,1675
890,805,1676
643,634,1677
1192,306,1678
258,644,1679
644,278,1680
1172,324,1681
324,272,1682
838,295,1683
947,1136,1684
261,285,1685
268,577,1686
1226,100,1687
967,1136,1688
307,847,1689
330,328,1690
947,100,1691
286,1152,1692
478,101,1693
316,101,1694
268,531,1695
586,121,1696
281,329,1697
300,350,1698
1121,112,1699
948,100,1700
445,1102,1701
281,569,1702
342,1093,1703
1255,101,1704
284,921,1705
1172,285,1706
885,336,1707
260,316,1708
577,262,1709
281,324,1710
284,382,1711
320,340,1712
335,115,1713
1164,405,1714
368,119,1715
1187,385,1716
385,278,1717
281,334,1718
825,1068,1719
1138,468,1720
268,649,1721
1027,103,1722
257,275,1723
326,396,1724
355,110,1725
260,548,1726
271,494,1727
375,1016,1728
315,265,1729
813,304,1730
304,559,1731
559,337,1732
1203,1225,1733
342,415,1734
489,339,1735
339,589,1736
286,467,1737
268,329,1738
281,519,1739
519,414,1740
414,272,1741
272,315,1742
303,336,1743
905,340,1744
613,350,1745
504,516,1746
257,1166,1747
909,112,1748
329,121,1749
260,386,1750
294,276,1751
1104,805,1752
284,320,1753
306,115,1754
260,857,1755
1276,114,1756
1324,295,1757
1386,100,1758
1364,265,1759
1447,116,1760
1408,97,1761
1401,337,1762
1424,101,1763
1390,265,1764
1469,1450,1765
1450,795,1766
1279,110,1767
1498,799,1768
1476,316,1769
1500,100,1770
1474,116,1771
1510,1090,1772
1531,116,1773
1543,121,1774
1513,465,1775
1436,530,1776
1441,1560,1777
1482,121,1778
1415,116,1779
1565,295,1780
1567,436,1781
1573,1239,1782
1514,265,1783
1582,111,1784
1585,412,1785
1409,101,1786
1414,292,1787
1520,101,1788
1380,451,1789
1486,100,1790
1435,849,1791
1546,1627,1792
1634,1636,1793
1530,1467,1794
1624,1646,1795
1648,101,1796
1627,315,1797
1611,1221,1798
1445,108,1799
1642,1665,1800
1545,340,1801
1679,278,1802
1695,958,1803
1650,1102,1804
1702,115,1805
1653,119,1806
1657,434,1807
1681,1566,1808
1706,101,1809
1686,262,1810
1615,115,1811
1425,119,1812
1716,278,1813
1577,115,1814
1730,1732,1815
1735,1434,1816
1739,1741,1817
1741,315,1818
1746,121,1819
1384,115,1820
1321,115,1821
1380,114,1822
852,114,1823
1103,351,1824
392,265,1825
269,107,1826
1660,121,1827
286,316,1828
1103,1466,1829
283,306,1830
1663,340,1831
258,363,1832
521,110,1833
345,309,1834
309,111,1835
641,119,1836
1094,534,1837
476,285,1838
501,110,1839
1141,304,1840
304,917,1841
369,115,1842
403,1210,1843
257,276,1844
1427,1568,1845
455,109,1846
887,115,1847
260,805,1848
984,438,1849
298,114,1850
585,110,1851
421,114,1852
862,115,1853
636,274,1854
274,507,1855
279,971,1856
260,352,1857
1507,110,1858
825,534,1859
1685,109,1860
1590,445,1861
445,121,1862
258,315,1863
326,336,1864
947,522,1865
476,521,1866
1555,318,1867
1751,101,1868
415,337,1869
342,857,1870
341,376,1871
412,265,1872
989,396,1873
864,507,1874
1022,1215,1875
257,1581,1876
862,100,1877
300,521,1878
1419,305,1879
760,272,1880
264,934,1881
279,531,1882
531,116,1883
1727,274,1884
664,101,1885
1574,1431,1886
1235,296,1887
271,341,1888
526,290,1889
344,121,1890
530,265,1891
399,521,1892
521,362,1893
279,519,1894
1560,883,1895
1128,917,1896
318,272,1897
586,101,1898
284,391,1899
406,104,1900
845,522,1901
601,111,1902
1200,1400,1903
283,368,1904
1045,108,1905
852,866,1906
1143,338,1907
295,101,1908
1549,377,1909
268,262,1910
291,391,1911
345,114,1912
944,1068,1913
1024,262,1914
261,423,1915
423,265,1916
319,451,1917
316,107,1918
335,608,1919
283,939,1920
854,328,1921
328,1743,1922
273,1008,1923
1641,115,1924
260,274,1925
260,1690,1926
895,805,1927
284,1751,1928
266,265,1929
399,302,1930
302,274,1931
284,266,1932
670,287,1933
258,357,1934
357,937,1935
784,402,1936
402,116,1937
900,318,1938
318,296,1939
268,272,1940
808,101,1941
284,521,1942
895,336,1943
305,121,1944
291,1434,1945
290,101,1946
1552,376,1947
947,385,1948
1187,1131,1949
417,295,1950
465,1601,1951
889,325,1952
307,321,1953
342,408,1954
789,392,1955
1067,306,1956
260,528,1957
281,1183,1958
352,574,1959
612,100,1960
403,302,1961
1164,100,1962
1033,418,1963
286,1156,1964
374,357,1965
280,302,1966
509,100,1967
281,879,1968
268,274,1969
785,812,1970
510,101,1971
976,311,1972
268,278,1973
287,332,1974
300,971,1975
307,955,1976
283,340,1977
1128,490,1978
1492,114,1979
257,329,1980
258,318,1981
283,393,1982
393,414,1983
414,101,1984
1111,919,1985
260,269,1986
532,514,1987
927,103,1988
1603,110,1989
399,577,1990
577,328,1991
328,1166,1992
440,107,1993
284,296,1994
257,1599,1995
1526,510,1996
510,450,1997
1526,298,1998
286,290,1999
1061,314,2000
1655,388,2001
352,110,2002
259,805,2003
306,100,2004
1554,312,2005
312,265,2006
268,321,2007
286,971,2008
519,116,2009
948,675,2010
463,115,2011
818,1667,2012
346,298,2013
1670,336,2014
533,777,2015
489,522,2016
617,368,2017
1708,337,2018
281,1210,2019
948,114,2020
261,319,2021
1432,1087,2022
342,509,2023
259,344,2024
375,384,2025
384,444,2026
307,338,2027
338,336,2028
291,502,2029
356,108,2030
257,925,2031
1127,108,2032
920,340,2033
885,290,2034
1505,377,2035
283,391,2036
280,278,2037
257,327,2038
316,321,2039
647,308,2040
1014,436,2041
779,278,2042
278,1696,2043
334,382,2044
260,425,2045
558,110,2046
509,108,2047
321,100,2048
349,296,2049
411,101,2050
1032,259,2051
261,328,2052
1710,507,2053
1045,1068,2054
284,346,2055
968,805,2056
258,356,2057
1178,101,2058
369,411,2059
1619,339,2060
283,329,2061
329,617,2062
273,777,2063
366,1114,2064
1114,101,2065
261,334,2066
374,662,2067
271,262,2068
278,362,2069
260,262,2070
1726,303,2071
303,112,2072
261,454,2073
905,405,2074
565,153,2075
261,598,2076
267,114,2077
1128,110,2078
391,1539,2079
1632,263,2080
278,1053,2081
772,436,2082
450,114,2083
307,494,2084
494,512,2085
512,121,2086
374,294,2087
283,350,2088
257,323,2089
323,298,2090
298,108,2091
389,568,2092
281,440,2093
1409,617,2094
617,266,2095
266,340,2096
1753,315,2097
416,329,2098
329,321,2099
278,438,2100
310,1735,2101
1032,489,2102
1445,525,2103
284,269,2104
286,275,2105
275,259,2106
289,100,2107
286,993,2108
260,328,2109
268,1117,2110
380,101,2111
1169,1090,2112
283,334,2113
357,406,2114
1723,385,2115
374,276,2116
1356,337,2117
1120,1153,2118
469,1491,2119
1001,1186,2120
454,1110,2121
278,385,2122
284,290,2123
261,329,2124
329,365,2125
365,289,2126
261,308,2127
260,408,2128
928,433,2129
307,278,2130
1414,411,2131
409,803,2132
318,298,2133
947,1175,2134
271,278,2135
279,577,2136
1460,109,2137
262,262,2138
421,287,2139
473,266,2140
283,1551,2141
622,653,2142
283,1084,2143
478,524,2144
524,278,2145
278,337,2146
416,489,2147
1488,979,2148
1419,299,2149
681,439,2150
439,121,2151
1697,392,2152
375,319,2153
341,115,2154
1192,100,2155
1711,1181,2156
551,97,2157
1481,410,2158
410,1044,2159
1512,595,2160
268,535,2161
1230,269,2162
483,120,2163
342,336,2164
284,326,2165
286,876,2166
261,1107,2167
1644,1108,2168
1718,292,2169
307,519,2170
266,414,2171
414,506,2172
262,514,2173
767,110,2174
1100,101,2175
271,1594,2176
284,368,2177
368,506,2178
1235,116,2179
1255,805,2180
271,290,2181
283,1009,2182
1617,595,2183
595,325,2184
1103,350,2185
1443,110,2186
521,335,2187
284,489,2188
286,406,2189
272,116,2190
377,265,2191
266,326,2192
1232,336,2193
336,101,2194
281,340,2195
1014,111,2196
291,368,2197
368,295,2198
256,115,2199
290,824,2200
784,1147,2201
363,266,2202
361,101,2203
1552,377,2204
377,278,2205
290,387,2206
284,465,2207
258,490,2208
309,265,2209
1109,101,2210
1481,349,2211
349,588,2212
588,265,2213
1617,114,2214
260,1105,2215
1077,1455,2216
273,1076,2217
1560,114,2218
368,304,2219
418,1044,2220
279,1105,2221
272,110,2222
543,546,2223
546,121,2224
271,898,2225
442,101,2226
276,121,2227
304,322,2228
520,317,2229
283,450,2230
450,312,2231
312,469,2232
262,103,2233
818,100,2234
1006,805,2235
568,298,2236
260,453,2237
453,468,2238
468,1754,2239
273,1599,2240
820,336,2241
284,1085,2242
1138,590,2243
590,265,2244
408,272,2245
947,312,2246
1024,805,2247
567,377,2248
1335,409,2249
1550,295,2250
553,98,2251
1006,98,2252
554,115,2253
1678,1119,2254
1631,377,2255
1765,795,2256
1792,315,2257
1817,315,2258
1834,111,2259
1854,507,2260
1861,121,2261
1882,116,2262
1776,265,2263
1892,362,2264
1777,883,2265
1867,272,2266
1828,107,2267
1921,1743,2268
1930,274,2269
1934,937,2270
1936,116,2271
1938,296,2272
1879,121,2273
1955,265,2274
1840,917,2275
1785,265,2276
1982,1984,2277
1990,1992,2278
1998,114,2279
1857,110,2280
1915,265,2281
2005,265,2282
1928,101,2283
2024,121,2284
2025,444,2285
2027,336,2286
2042,1696,2287
1953,100,2288
2061,2017,2289
2064,101,2290
2071,112,2291
2036,1539,2292
1866,110,2293
1802,1053,2294
1996,2083,2295
2084,2086,2296
2089,2091,2297
2098,321,2298
1888,376,2299
2101,1434,2300
2104,107,2301
2105,259,2302
1965,1900,2303
2073,1110,2304
1973,385,2305
2124,2126,2306
1981,298,2307
2135,362,2308
1910,262,2309
2144,2146,2310
2147,522,2311
2150,121,2312
2153,451,2313
2158,1044,2314
1932,2172,2315
2068,514,2316
2183,325,2317
1878,335,2318
2193,101,2319
2204,278,2320
2093,107,2321
1999,387,2322
2211,2213,2323
1777,114,2324
2017,304,2325
1963,1044,2326
2223,121,2327
2023,100,2328
2170,116,2329
2116,121,2330
2230,2232,2331
2232,1491,2332
2070,103,2333
2237,2239,2334
2243,265,2335
2128,2190,2336
2249,803,2337
2255,337,2338
1077,534,2339
1071,502,2340
1061,304,2341
268,695,2342
1478,265,2343
476,328,2344
374,486,2345
258,325,2346
325,288,2347
288,511,2348
511,1694,2349
1914,378,2350
307,326,2351
1986,1950,2352
257,288,2353
298,115,2354
284,494,2355
2000,294,2356
387,1152,2357
2207,1601,2358
1952,265,2359
1230,121,2360
329,102,2361
284,373,2362
373,849,2363
284,1491,2364
852,121,2365
260,289,2366
258,324,2367
271,429,2368
278,458,2369
1051,304,2370
304,263,2371
1775,121,2372
310,1179,2373
529,386,2374
451,101,2375
389,302,2376
302,97,2377
1595,464,2378
294,114,2379
271,274,2380
1621,100,2381
448,287,2382
302,1181,2383
1595,292,2384
283,321,2385
2067,329,2386
329,2226,2387
816,2024,2388
580,121,2389
1832,392,2390
1961,115,2391
1080,1153,2392
289,114,2393
1830,100,2394
284,311,2395
435,295,2396
1025,1497,2397
1622,811,2398
1159,1181,2399
268,454,2400
260,847,2401
854,2236,2402
286,285,2403
1899,1239,2404
559,373,2405
260,343,2406
286,317,2407
317,824,2408
1082,805,2409
2131,104,2410
342,511,2411
511,317,2412
1947,2222,2413
1429,110,2414
852,263,2415
887,107,2416
403,299,2417
416,1620,2418
291,699,2419
699,408,2420
909,1864,2421
268,276,2422
526,121,2423
964,1606,2424
2197,1908,2425
763,108,2426
1071,935,2427
1113,686,2428
686,109,2429
486,2203,2430
1574,332,2431
332,451,2432
2127,405,2433
271,316,2434
316,849,2435
283,802,2436
257,341,2437
1168,1551,2438
494,298,2439
1734,849,2440
1432,311,2441
1508,265,2442
284,500,2443
500,1455,2444
283,2047,2445
2051,336,2446
261,368,2447
875,1919,2448
257,1491,2449
261,921,2450
601,322,2451
354,433,2452
433,1166,2453
283,346,2454
375,336,2455
258,538,2456
2066,295,2457
572,269,2458
892,302,2459
268,373,2460
373,98,2461
476,511,2462
257,971,2463
987,114,2464
987,470,2465
887,110,2466
954,116,2467
279,336,2468
336,1725,2469
455,1175,2470
1045,811,2471
296,115,2472
1904,381,2473
1376,1438,2474
476,319,2475
319,318,2476
318,382,2477
260,1221,2478
1711,104,2479
310,442,2480
442,297,2481
297,101,2482
704,635,2483
529,100,2484
374,525,2485
525,101,2486
905,939,2487
284,328,2488
282,411,2489
1187,101,2490
286,1243,2491
286,373,2492
373,101,2493
257,1107,2494
1631,328,2495
966,107,2496
391,101,2497
285,121,2498
408,116,2499
2139,332,2500
695,855,2501
852,475,2502
475,101,2503
1128,791,2504
905,109,2505
1980,465,2506
465,2013,2507
1015,294,2508
326,309,2509
440,566,2510
1443,1521,2511
260,459,2512
1738,341,2513
341,292,2514
261,2111,2515
889,112,2516
260,450,2517
1124,110,2518
1032,377,2519
1750,316,2520
498,110,2521
906,828,2522
949,791,2523
2102,115,2524
976,1153,2525
374,285,2526
285,259,2527
862,101,2528
2007,464,2529
464,328,2530
345,272,2531
778,451,2532
1439,121,2533
342,904,2534
2055,267,2535
1052,522,2536
268,306,2537
306,265,2538
1670,101,2539
334,288,2540
260,394,2541
271,391,2542
689,295,2543
900,100,2544
1647,548,2545
468,265,2546
291,332,2547
1032,1044,2548
258,411,2549
909,298,2550
300,1971,2551
284,703,2552
703,709,2553
709,101,2554
1940,322,2555
1488,265,2556
1942,1729,2557
781,458,2558
381,490,2559
1188,503,2560
947,108,2561
1390,101,2562
852,451,2563
710,635,2564
1678,115,2565
818,318,2566
1070,805,2567
892,1233,2568
268,392,2569
392,712,2570
712,294,2571
544,569,2572
756,538,2573
538,933,2574
933,266,2575
1723,1136,2576
260,598,2577
1143,119,2578
276,1455,2579
1844,507,2580
392,107,2581
262,97,2582
284,415,2583
351,116,2584
498,315,2585
286,510,2586
510,545,2587
545,274,2588
274,111,2589
291,602,2590
602,262,2591
262,606,2592
1160,805,2593
1154,824,2594
365,407,2595
407,294,2596
1994,100,2597
606,101,2598
307,306,2599
306,2039,2600
300,361,2601
544,645,2602
257,350,2603
264,308,2604
1512,116,2605
342,2140,2606
984,574,2607
574,276,2608
276,1713,2609
268,1466,2610
1466,116,2611
492,598,2612
2152,1539,2613
286,274,2614
274,1131,2615
286,934,2616
2094,2096,2617
284,274,2618
1940,426,2619
940,102,2620
1253,378,2621
378,2044,2622
1071,658,2623
658,415,2624
415,105,2625
263,805,2626
258,323,2627
323,116,2628
2045,112,2629
544,934,2630
1419,314,2631
314,266,2632
544,2100,2633
271,915,2634
478,272,2635
476,412,2636
1028,100,2637
279,262,2638
262,1090,2639
765,1919,2640
286,855,2641
260,1816,2642
948,108,2643
1058,107,2644
1115,119,2645
775,1497,2646
260,1112,2647
2165,411,2648
281,500,2649
1060,2003,2650
920,559,2651
827,451,2652
1082,336,2653
2059,288,2654
288,354,2655
258,331,2656
804,336,2657
2060,883,2658
1127,294,2659
284,1694,2660
2057,689,2661
319,109,2662
321,1087,2663
332,407,2664
407,812,2665
411,346,2666
346,114,2667
1213,285,2668
1597,365,2669
892,1139,2670
342,639,2671
470,265,2672
2177,506,2673
1112,114,2674
260,440,2675
440,362,2676
362,468,2677
300,306,2678
306,2030,2679
261,326,2680
1587,115,2681
257,334,2682
334,639,2683
258,506,2684
1430,115,2685
1550,335,2686
343,276,2687
276,104,2688
258,470,2689
470,998,2690
964,562,2691
720,108,2692
1554,1639,2693
258,1442,2694
307,1009,2695
1407,314,2696
523,296,2697
258,312,2698
2250,101,2699
1894,101,2700
1129,2030,2701
2168,100,2702
1523,115,2703
1443,477,2704
819,108,2705
404,121,2706
456,296,2707
300,904,2708
930,336,2709
1755,115,2710
476,535,2711
1992,115,2712
281,336,2713
2080,356,2714
279,1623,2715
2123,341,2716
341,315,2717
1192,294,2718
294,506,2719
430,309,2720
309,285,2721
279,408,2722
1054,265,2723
2113,365,2724
1103,429,2725
358,114,2726
1013,306,2727
1159,104,2728
463,116,2729
421,1869,2730
864,278,2731
271,368,2732
368,289,2733
1435,109,2734
1127,107,2735
308,112,2736
307,575,2737
342,329,2738
288,290,2739
258,266,2740
266,442,2741
442,321,2742
321,298,2743
1232,266,2744
268,1101,2745
271,321,2746
2087,674,2747
674,2077,2748
2161,376,2749
260,266,2750
261,850,2751
638,595,2752
373,285,2753
1994,121,2754
286,269,2755
2289,304,2756
2331,1491,2757
2346,2348,2758
2348,1694,2759
2322,1152,2760
2362,849,2761
2376,97,2762
2386,2226,2763
2388,121,2764
2407,824,2765
2411,317,2766
2428,109,2767
2345,2203,2768
2431,451,2769
2434,849,2770
2443,1455,2771
2370,263,2772
2452,1166,2773
2459,1181,2774
2460,98,2775
2468,1725,2776
2272,115,2777
2475,2477,2778
2480,2482,2779
2485,101,2780
2492,101,2781
2419,2499,2782
2342,855,2783
2502,101,2784
2506,2013,2785
2351,309,2786
2529,328,2787
2552,2554,2788
2473,490,2789
2569,2571,2790
2573,2575,2791
2422,1455,2792
2309,97,2793
2586,2588,2794
2588,111,2795
2590,2592,2796
2599,2039,2797
2607,2609,2798
2610,116,2799
2614,1131,2800
2621,2044,2801
2623,2625,2802
2627,116,2803
2631,266,2804
2526,259,2805
2537,265,2806
2652,101,2807
2654,2452,2808
2659,114,2809
2661,295,2810
2385,1087,2811
2547,2665,2812
2549,2667,2813
2465,265,2814
2678,2030,2815
2682,639,2816
2406,2688,2817
2689,998,2818
2278,115,2819
2718,506,2820
2720,285,2821
2724,2596,2822
2731,458,2823
2732,289,2824
2604,112,2825
2353,290,2826
2513,292,2827
2740,2742,2828
2747,2077,2829
2355,298,2830
310,262,2831
262,522,2832
286,1623,2833
920,2202,2834
1436,546,2835
2517,362,2836
2181,824,2837
1590,919,2838
1439,104,2839
1463,108,2840
268,1594,2841
260,305,2842
305,294,2843
294,267,2844
267,110,2845
533,1959,2846
1959,121,2847
389,323,2848
323,97,2849
260,275,2850
275,112,2851
1673,2521,2852
279,606,2853
606,1016,2854
421,467,2855
578,705,2856
705,569,2857
1622,1431,2858
889,101,2859
1335,2003,2860
1394,311,2861
665,1493,2862
1146,527,2863
260,1042,2864
324,115,2865
2638,1090,2866
347,350,2867
1437,115,2868
1603,726,2869
726,350,2870
465,278,2871
339,315,2872
2532,2361,2873
862,340,2874
905,100,2875
864,334,2876
334,116,2877
862,939,2878
342,983,2879
307,1959,2880
827,385,2881
908,115,2882
257,301,2883
301,121,2884
2541,379,2885
2456,115,2886
342,322,2887
322,558,2888
1899,335,2889
257,2382,2890
759,110,2891
661,386,2892
386,1175,2893
905,1068,2894
572,2327,2895
283,543,2896
702,101,2897
260,270,2898
270,109,2899
1146,109,2900
258,602,2901
887,2107,2902
1006,343,2903
1622,1566,2904
362,1119,2905
1146,926,2906
1504,805,2907
697,314,2908
889,380,2909
1170,650,2910
650,121,2911
268,1105,2912
2647,114,2913
2675,2677,2914
286,1974,2915
1176,100,2916
2366,2209,2917
1026,115,2918
345,121,2919
852,433,2920
1022,525,2921
2648,1152,2922
1080,115,2923
527,104,2924
944,108,2925
1033,472,2926
472,439,2927
1647,104,2928
927,315,2929
2246,1960,2930
1364,1119,2931
1062,312,2932
312,331,2933
257,2192,2934
2192,1442,2935
1230,112,2936
342,448,2937
319,335,2938
2649,2077,2939
310,1101,2940
997,100,2941
1481,304,2942
304,315,2943
282,356,2944
356,417,2945
417,386,2946
905,376,2947
1549,522,2948
1417,115,2949
2711,362,2950
756,335,2951
636,303,2952
975,659,2953
275,115,2954
2716,315,2955
386,108,2956
305,458,2957
1478,805,2958
2545,511,2959
544,262,2960
262,101,2961
399,2039,2962
2039,378,2963
300,408,2964
408,107,2965
533,768,2966
964,360,2967
360,115,2968
476,275,2969
275,493,2970
1305,1119,2971
260,850,2972
1710,116,2973
279,2510,2974
1230,316,2975
271,837,2976
1425,464,2977
1138,121,2978
272,407,2979
2008,121,2980
1914,1497,2981
607,450,2982
450,108,2983
1006,328,2984
2742,298,2985
591,979,2986
257,278,2987
2080,422,2988
607,1869,2989
284,319,2990
319,362,2991
484,121,2992
2059,294,2993
767,315,2994
282,514,2995
374,2752,2996
2752,1199,2997
2136,115,2998
806,97,2999
1802,475,3000
475,2044,3001
307,467,3002
273,86,3003
1025,1749,3004
513,563,3005
1750,377,3006
2512,287,3007
315,115,3008
283,326,3009
326,377,3010
377,328,3011
1545,329,3012
282,518,3013
518,1105,3014
2007,377,3015
2087,599,3016
2550,115,3017
524,121,3018
416,336,3019
336,435,3020
435,101,3021
2045,110,3022
852,377,3023
1632,453,3024
453,101,3025
342,837,3026
258,321,3027
321,538,3028
1460,2393,3029
974,2046,3030
260,1020,3031
1212,724,3032
724,1152,3033
513,75,3034
310,341,3035
341,1240,3036
1737,436,3037
342,384,3038
1954,306,3039
286,336,3040
1957,319,3041
319,2107,3042
345,446,3043
369,456,3044
1530,377,3045
282,263,3046
263,465,3047
278,339,3048
283,1833,3049
319,116,3050
769,115,3051
889,336,3052
778,295,3053
264,1021,3054
2055,298,3055
2057,1960,3056
1718,1087,3057
1894,795,3058
1164,1898,3059
2458,1233,3060
2364,1119,3061
776,360,3062
1022,100,3063
1022,1456,3064
271,971,3065
543,616,3066
616,121,3067
1427,702,3068
260,422,3069
1203,110,3070
1644,1221,3071
260,348,3072
348,961,3073
1142,2228,3074
1597,454,3075
264,274,3076
279,630,3077
630,121,3078
1432,112,3079
281,352,3080
1925,1186,3081
887,405,3082
1453,101,3083
286,265,3084
265,392,3085
392,1623,3086
286,324,3087
324,334,3088
334,114,3089
2680,304,3090
1071,937,3091
1235,316,3092
1977,805,3093
920,272,3094
860,336,3095
1060,955,3096
291,1012,3097
284,306,3098
2130,791,3099
286,1179,3100
513,110,3101
2034,115,3102
975,2191,3103
283,2467,3104
949,267,3105
267,109,3106
286,432,3107
261,351,3108
2704,272,3109
374,315,3110
298,468,3111
320,917,3112
885,276,3113
1041,274,3114
264,296,3115
744,635,3116
282,642,3117
369,2396,3118
909,356,3119
356,385,3120
268,1216,3121
260,1011,3122
1415,1186,3123
260,318,3124
318,563,3125
563,121,3126
1488,101,3127
260,329,3128
1024,2584,3129
1427,309,3130
309,2585,3131
1002,266,3132
266,336,3133
336,1186,3134
511,101,3135
905,101,3136
567,298,3137
403,456,3138
2722,1053,3139
1505,464,3140
2592,101,3141
892,1497,3142
1212,2726,3143
416,352,3144
271,319,3145
2602,110,3146
549,295,3147
2489,272,3148
421,879,3149
286,442,3150
1957,351,3151
351,110,3152
379,433,3153
300,328,3154
1148,805,3155
268,467,3156
892,1456,3157
900,525,3158
300,457,3159
1123,326,3160
326,313,3161
313,298,3162
607,1951,3163
366,490,3164
490,2228,3165
257,591,3166
788,608,3167
2143,101,3168
509,383,3169
2727,1946,3170
2698,278,3171
2403,1455,3172
1024,328,3173
342,577,3174
1253,453,3175
453,295,3176
401,321,3177
279,807,3178
463,1190,3179
1137,115,3180
284,467,3181
467,737,3182
737,269,3183
260,509,3184
308,108,3185
614,352,3186
352,105,3187
784,107,3188
268,391,3189
336,349,3190
374,530,3191
2188,1898,3192
1734,108,3193
261,457,3194
1039,102,3195
2094,2192,3196
2192,336,3197
747,535,3198
535,377,3199
1726,1826,3200
2415,805,3201
416,308,3202
260,865,3203
416,1479,3204
307,921,3205
572,272,3206
272,524,3207
309,97,3208
544,2096,3209
573,119,3210
601,269,3211
269,111,3212
544,630,3213
630,122,3214
537,328,3215
281,1139,3216
544,384,3217
384,511,3218
258,459,3219
459,296,3220
307,323,3221
399,278,3222
278,370,3223
370,114,3224
281,494,3225
607,2100,3226
291,2707,3227
279,276,3228
276,266,3229
257,509,3230
509,314,3231
2208,330,3232
330,883,3233
259,545,3234
545,837,3235
384,265,3236
310,828,3237
1203,2209,3238
336,600,3239
261,591,3240
591,101,3241
1164,1090,3242
964,449,3243
852,324,3244
2161,492,3245
2447,112,3246
1959,101,3247
261,880,3248
279,837,3249
806,337,3250
284,1594,3251
860,1749,3252
741,101,3253
359,805,3254
1027,752,3255
2758,1694,3256
2794,111,3257
2808,1166,3258
2831,522,3259
2842,2844,3260
2844,110,3261
2846,121,3262
2848,97,3263
2850,112,3264
2853,1016,3265
2856,569,3266
2869,350,3267
2876,116,3268
2883,121,3269
2887,558,3270
2892,1175,3271
2898,109,3272
2910,121,3273
2926,439,3274
2932,331,3275
2934,1442,3276
2942,315,3277
2960,101,3278
2962,378,3279
2964,107,3280
2969,493,3281
2982,108,3282
2828,298,3283
3000,2044,3284
3009,3011,3285
3013,1105,3286
3019,3021,3287
3024,101,3288
3027,538,3289
3032,1152,3290
3035,1240,3291
3041,2107,3292
3046,2871,3293
2871,2872,3294
2896,3067,3295
3072,961,3296
3077,121,3297
3084,3086,3298
3087,3089,3299
2863,104,3300
3105,109,3301
3119,385,3302
3124,3126,3303
3130,2585,3304
3132,3134,3305
2959,101,3306
2796,101,3307
2967,115,3308
3151,110,3309
2885,433,3310
3160,3162,3311
3164,2228,3312
2996,1199,3313
3175,295,3314
3181,3183,3315
2994,115,3316
3186,105,3317
3196,336,3318
3198,377,3319
3206,3018,3320
3211,111,3321
3213,122,3322
3217,511,3323
3219,296,3324
3222,3224,3325
3228,266,3326
3230,314,3327
3232,883,3328
2805,3235,3329
3040,600,3330
3240,101,3331
3255,288,3332
2168,451,3333
2021,107,3334
1115,1133,3335
291,383,3336
3068,101,3337
1024,2662,3338
476,1869,3339
369,110,3340
845,357,3341
357,116,3342
389,285,3343
285,340,3344
2901,460,3345
332,100,3346
420,449,3347
1254,319,3348
319,883,3349
284,390,3350
375,1871,3351
1873,805,3352
1963,335,3353
770,346,3354
346,325,3355
258,370,3356
370,368,3357
368,1442,3358
279,341,3359
1486,1225,3360
2029,266,3361
1415,795,3362
1844,304,3363
282,662,3364
359,121,3365
416,324,3366
324,2284,3367
307,1489,3368
342,489,3369
489,101,3370
1006,336,3371
609,1175,3372
2021,1606,3373
2060,2405,3374
587,792,3375
1647,256,3376
369,666,3377
284,352,3378
352,568,3379
568,110,3380
258,518,3381
518,1210,3382
1141,116,3383
2066,304,3384
789,842,3385
1058,110,3386
996,101,3387
1123,340,3388
713,2938,3389
421,121,3390
3107,805,3391
261,1448,3392
334,119,3393
1022,116,3394
268,1107,3395
279,1057,3396
2309,276,3397
1520,1456,3398
1910,344,3399
344,378,3400
1832,2178,3401
2178,1182,3402
3113,2497,3403
571,263,3404
281,392,3405
392,2049,3406
2049,2498,3407
279,439,3408
439,296,3409
1271,297,3410
297,112,3411
760,324,3412
369,464,3413
464,357,3414
357,502,3415
260,465,3416
465,285,3417
285,1946,3418
2160,1181,3419
2038,490,3420
283,272,3421
483,646,3422
646,101,3423
307,473,3424
273,317,3425
317,111,3426
291,326,3427
326,2946,3428
2946,108,3429
2583,1139,3430
476,384,3431
384,2957,3432
884,114,3433
835,266,3434
266,2821,3435
1610,1044,3436
1697,2140,3437
448,121,3438
991,336,3439
261,837,3440
905,616,3441
781,100,3442
307,535,3443
273,1690,3444
283,324,3445
324,474,3446
474,101,3447
279,285,3448
285,378,3449
655,100,3450
271,934,3451
1597,361,3452
361,379,3453
379,269,3454
269,795,3455
1030,503,3456
3148,407,3457
407,1442,3458
283,457,3459
457,1215,3460
268,275,3461
942,1900,3462
2713,387,3463
2738,505,3464
1203,514,3465
307,2047,3466
1643,329,3467
2826,1489,3468
1942,1725,3469
1738,296,3470
296,1110,3471
342,1147,3472
1147,335,3473
2746,289,3474
944,525,3475
1888,595,3476
595,101,3477
2088,115,3478
1047,458,3479
2603,329,3480
2990,2905,3481
2744,1119,3482
3117,929,3483
1878,1713,3484
957,438,3485
596,288,3486
578,290,3487
292,108,3488
2944,417,3489
260,1107,3490
3173,385,3491
3174,2753,3492
864,978,3493
320,600,3494
688,448,3495
416,328,3496
328,507,3497
300,325,3498
325,115,3499
889,272,3500
467,1442,3501
788,309,3502
1026,101,3503
284,442,3504
607,442,3505
442,400,3506
1610,266,3507
266,1166,3508
2816,849,3509
283,442,3510
271,2327,3511
886,566,3512
566,1016,3513
307,346,3514
346,314,3515
1550,324,3516
418,337,3517
2021,2612,3518
281,285,3519
3191,285,3520
285,368,3521
368,2546,3522
271,1021,3523
3194,383,3524
421,285,3525
285,341,3526
1644,1225,3527
268,316,3528
316,684,3529
684,3169,3530
914,335,3531
271,3190,3532
3190,674,3533
674,108,3534
264,325,3535
262,362,3536
279,395,3537
1830,110,3538
2164,556,3539
1439,2199,3540
326,262,3541
3016,929,3542
637,1175,3543
291,493,3544
493,338,3545
338,812,3546
1610,435,3547
435,294,3548
2395,1093,3549
2914,1119,3550
310,430,3551
430,305,3552
447,278,3553
279,1967,3554
1408,706,3555
3225,109,3556
2152,1946,3557
1954,2004,3558
3038,265,3559
1138,98,3560
1555,266,3561
266,341,3562
341,2050,3563
1660,2154,3564
1006,422,3565
2447,1087,3566
3244,115,3567
310,933,3568
933,1743,3569
2160,842,3570
1894,116,3571
2162,115,3572
1554,3050,3573
284,2111,3574
1517,2540,3575
1961,1044,3576
578,828,3577
281,606,3578
606,683,3579
268,1084,3580
281,319,3581
319,102,3582
270,383,3583
968,101,3584
1232,119,3585
1424,1749,3586
399,2540,3587
1367,115,3588
286,568,3589
342,1466,3590
470,121,3591
460,100,3592
2656,336,3593
1844,107,3594
314,265,3595
3075,272,3596
2671,332,3597
2903,328,3598
260,415,3599
415,292,3600
264,338,3601
338,2393,3602
369,588,3603
588,477,3604
477,311,3605
300,954,3606
954,507,3607
1668,805,3608
2673,1825,3609
257,2467,3610
268,510,3611
281,406,3612
2208,1625,3613
279,2916,3614
273,2382,3615
1066,490,3616
948,451,3617
284,394,3618
394,400,3619
887,109,3620
279,350,3621
863,1153,3622
1427,295,3623
626,460,3624
1907,115,3625
271,311,3626
298,965,3627
2489,543,3628
284,1551,3629
1425,1133,3630
279,1155,3631
260,491,3632
491,116,3633
261,1210,3634
516,265,3635
1006,360,3636
360,349,3637
349,349,3638
349,292,3639
743,1420,3640
1054,263,3641
1061,481,3642
481,1929,3643
1980,1215,3644
1027,405,3645
863,315,3646
315,609,3647
375,921,3648
382,507,3649
279,412,3650
412,311,3651
1138,304,3652
304,1119,3653
732,114,3654
3115,904,3655
563,265,3656
2215,327,3657
327,385,3658
272,338,3659
473,336,3660
2067,1539,3661
439,812,3662
1595,965,3663
307,1656,3664
3062,110,3665
948,433,3666
613,111,3667
286,1581,3668
305,451,3669
271,543,3670
535,492,3671
492,121,3672
693,919,3673
2160,104,3674
284,1155,3675
342,328,3676
328,391,3677
1322,314,3678
258,371,3679
371,764,3680
258,658,3681
289,315,3682
510,115,3683
326,335,3684
1785,805,3685
1512,1725,3686
374,454,3687
454,266,3688
286,610,3689
966,456,3690
456,99,3691
975,1133,3692
3159,396,3693
3166,979,3694
271,541,3695
310,277,3696
277,1606,3697
526,1694,3698
285,805,3699
909,448,3700
2750,1539,3701
1932,1725,3702
1505,314,3703
273,265,3704
265,522,3705
282,648,3706
1178,439,3707
439,262,3708
1230,292,3709
417,298,3710
948,2612,3711
601,320,3712
895,686,3713
686,112,3714
607,1868,3715
264,467,3716
279,2046,3717
1505,512,3718
512,328,3719
767,304,3720
291,1042,3721
2130,2706,3722
785,418,3723
418,336,3724
257,296,3725
2834,265,3726
2353,306,3727
306,334,3728
307,312,3729
312,2202,3730
442,1601,3731
1857,1181,3732
260,385,3733
385,3185,3734
3092,265,3735
1522,1034,3736
2097,805,3737
864,116,3738
493,299,3739
2130,266,3740
266,2954,3741
291,362,3742
362,262,3743
542,101,3744
526,111,3745
544,1056,3746
476,395,3747
310,393,3748
393,498,3749
281,498,3750
498,340,3751
281,954,3752
954,919,3753
565,157,3754
273,391,3755
3260,110,3756
3293,2872,3757
3341,116,3758
3343,340,3759
3348,883,3760
3354,325,3761
3356,3358,3762
3366,2284,3763
3369,101,3764
3378,3380,3765
3381,1210,3766
3399,378,3767
3401,1182,3768
3405,3407,3769
3408,296,3770
3413,3415,3771
3416,3418,3772
3422,101,3773
3425,111,3774
3427,3429,3775
3431,2957,3776
3434,2821,3777
3445,3447,3778
3448,378,3779
3452,3454,3780
3454,795,3781
3457,1442,3782
3459,1215,3783
3470,1110,3784
3472,335,3785
3476,101,3786
3496,507,3787
3498,115,3788
3505,400,3789
3507,1166,3790
3512,1016,3791
3514,314,3792
3520,3522,3793
3525,341,3794
3528,3530,3795
3532,3534,3796
3544,3546,3797
3547,294,3798
3551,305,3799
3561,3563,3800
3568,1743,3801
3578,683,3802
3581,102,3803
3345,100,3804
3597,100,3805
3599,292,3806
3601,2393,3807
3603,3605,3808
3606,507,3809
3618,400,3810
3632,116,3811
3636,3638,3812
3638,292,3813
3642,1929,3814
3646,3372,3815
3650,311,3816
3652,1119,3817
3410,112,3818
3657,385,3819
3421,338,3820
3424,336,3821
3443,3672,3822
3676,391,3823
3679,764,3824
3687,266,3825
3690,99,3826
3696,1606,3827
3704,522,3828
3707,262,3829
3709,108,3830
3489,298,3831
3712,600,3832
3713,112,3833
3716,1442,3834
3718,328,3835
3723,336,3836
3727,3393,3837
3729,2202,3838
3510,1601,3839
3733,3185,3840
3281,299,3841
3740,2954,3842
3742,262,3843
3748,498,3844
3750,340,3845
3752,919,3846
3755,791,3847
257,491,3848
1054,285,3849
1632,362,3850
717,289,3851
32,120,3852
985,112,3853
279,406,3854
406,443,3855
443,378,3856
838,377,3857
262,458,3858
1708,965,3859
1555,278,3860
278,435,3861
435,292,3862
647,878,3863
878,465,3864
465,266,3865
279,500,3866
1610,115,3867
613,2581,3868
565,156,3869
416,3541,3870
1058,385,3871
864,812,3872
3154,3347,3873
2142,438,3874
283,1107,3875
504,1175,3876
1030,107,3877
672,109,3878
325,507,3879
2188,1456,3880
1061,112,3881
279,591,3882
1610,116,3883
1734,1215,3884
601,395,3885
395,691,3886
607,391,3887
391,449,3888
449,269,3889
269,115,3890
1062,116,3891
852,378,3892
1232,468,3893
286,676,3894
676,427,3895
260,575,3896
575,358,3897
358,108,3898
1425,269,3899
1211,2361,3900
261,511,3901
511,472,3902
260,278,3903
2366,309,3904
3039,1456,3905
1370,337,3906
279,963,3907
386,304,3908
1832,384,3909
1603,108,3910
533,929,3911
1592,115,3912
2880,101,3913
947,1456,3914
1926,2154,3915
2451,522,3916
956,115,3917
401,293,3918
1212,331,3919
286,489,3920
283,394,3921
284,384,3922
1750,1467,3923
1232,656,3924
3580,104,3925
1459,805,3926
2454,272,3927
272,115,3928
281,921,3929
1235,305,3930
784,3583,3931
984,331,3932
331,1623,3933
2113,468,3934
3069,362,3935
260,479,3936
479,110,3937
1486,1696,3938
2669,292,3939
292,883,3940
342,382,3941
3596,265,3942
260,330,3943
1481,469,3944
469,392,3945
392,116,3946
892,101,3947
1957,993,3948
2395,101,3949
1546,334,3950
334,292,3951
1505,101,3952
3611,600,3953
1727,314,3954
314,368,3955
368,795,3956
279,287,3957
283,111,3958
111,683,3959
651,101,3960
3364,1216,3961
731,3365,3962
975,1467,3963
1098,266,3964
862,329,3965
329,1152,3966
1753,114,3967
1873,115,3968
281,467,3969
2816,294,3970
3069,449,3971
271,312,3972
952,805,3973
2188,586,3974
586,336,3975
367,289,3976
388,2865,3977
1738,876,3978
1033,304,3979
304,506,3980
3098,385,3981
3624,314,3982
1980,525,3983
286,1034,3984
1587,805,3985
1232,1929,3986
3628,1090,3987
384,1181,3988
996,329,3989
1123,458,3990
927,502,3991
260,321,3992
889,2191,3993
613,317,3994
1697,971,3995
2070,627,3996
627,541,3997
1035,119,3998
1045,2379,3999
1278,1119,4000
852,1442,4001
32,85,4002
266,805,4003
1082,278,4004
1232,314,4005
1629,805,4006
3114,805,4007
1655,1044,4008
1981,295,4009
1802,1618,4010
307,2200,4011
279,323,4012
323,385,4013
291,276,4014
276,302,4015
470,2154,4016
77,101,4017
261,265,4018
265,1456,4019
966,534,4020
1401,3111,4021
1965,538,4022
538,2954,4023
2038,362,4024
1619,1225,4025
3114,3662,4026
2656,809,4027
3128,427,4028
427,331,4029
1212,1225,4030
2583,1216,4031
399,311,4032
374,120,4033
2696,880,4034
578,1057,4035
1057,2821,4036
286,2584,4037
901,1551,4038
3138,414,4039
261,983,4040
257,1201,4041
2131,2199,4042
307,3112,4043
1054,426,4044
260,983,4045
284,351,4046
351,811,4047
1061,385,4048
1437,100,4049
2123,304,4050
304,493,4051
493,115,4052
526,803,4053
763,849,4054
258,433,4055
3145,937,4056
1828,100,4057
2454,1971,4058
286,462,4059
462,304,4060
304,340,4061
416,879,4062
1866,917,4063
286,301,4064
301,1898,4065
463,1145,4066
1145,115,4067
2603,285,4068
285,405,4069
574,101,4070
908,805,4071
1482,1225,4072
279,1971,4073
3281,311,4074
818,1601,4075
1844,795,4076
342,290,4077
889,317,4078
464,294,4079
366,102,4080
258,528,4081
528,3683,4082
893,337,4083
1376,115,4084
3461,2050,4085
261,617,4086
1051,292,4087
292,315,4088
3464,265,4089
1954,395,4090
395,456,4091
403,2916,4092
2826,111,4093
368,378,4094
1488,1667,4095
3463,412,4096
258,680,4097
680,1243,4098
1655,304,4099
304,108,4100
268,1221,4101
1169,1898,4102
1304,266,4103
3145,2405,4104
307,276,4105
1045,534,4106
3108,107,4107
3340,422,4108
268,3438,4109
3098,116,4110
281,1182,4111
279,265,4112
388,305,4113
3377,328,4114
781,1225,4115
1192,275,4116
275,2405,4117
1235,363,4118
363,265,4119
3706,958,4120
367,1493,4121
260,311,4122
3336,269,4123
269,2498,4124
1427,926,4125
964,305,4126
767,298,4127
3128,1215,4128
2320,115,4129
1453,1186,4130
1027,1696,4131
1425,659,4132
302,116,4133
1904,98,4134
1109,102,4135
472,121,4136
278,795,4137
2406,274,4138
905,3669,4139
2669,897,4140
3031,356,4141
356,110,4142
286,888,4143
2750,292,4144
2880,265,4145
779,396,4146
396,1841,4147
3725,971,4148
268,837,4149
1028,362,4150
1255,1202,4151
257,1423,4152
375,2510,4153
286,1537,4154
614,111,4155
304,451,4156
302,265,4157
1926,115,4158
2696,262,4159
262,1456,4160
273,841,4161
841,824,4162
281,1056,4163
1647,444,4164
444,639,4165
759,104,4166
1942,315,4167
2385,112,4168
571,3517,4169
391,917,4170
437,46,4171
280,457,4172
457,114,4173
271,384,4174
384,336,4175
2772,265,4176
672,1493,4177
1047,383,4178
654,1483,4179
1952,115,4180
1067,290,4181
523,427,4182
427,97,4183
2208,1569,4184
1631,122,4185
2755,266,4186
266,311,4187
1973,319,4188
319,259,4189
310,304,4190
483,121,4191
260,365,4192
365,442,4193
2355,2354,4194
260,2598,4195
368,121,4196
2038,103,4197
813,919,4198
1738,350,4199
264,1182,4200
291,98,4201
98,335,4202
335,736,4203
1164,1950,4204
1429,791,4205
3504,2753,4206
416,1101,4207
1028,1456,4208
3156,112,4209
3015,358,4210
358,1016,4211
367,386,4212
268,426,4213
3539,101,4214
283,361,4215
361,388,4216
388,269,4217
1028,1087,4218
500,811,4219
739,377,4220
284,275,4221
374,512,4222
512,507,4223
2602,2992,4224
63,39,4225
2143,2497,4226
307,2585,4227
273,111,4228
891,115,4229
1597,1584,4230
3044,292,4231
292,2375,4232
1840,1153,4233
258,530,4234
530,373,4235
373,3536,4236
864,809,4237
809,392,4238
392,115,4239
1550,1044,4240
885,530,4241
260,3553,4242
3670,304,4243
1115,394,4244
2000,849,4245
613,325,4246
476,323,4247
323,107,4248
1376,121,4249
1067,391,4250
307,460,4251
460,468,4252
307,318,4253
260,423,4254
423,805,4255
3780,795,4256
3812,292,4257
3854,3856,4258
3860,3862,4259
3863,3865,4260
3885,691,4261
3887,3889,4262
3889,115,4263
3894,427,4264
3896,3898,4265
3927,115,4266
3932,1623,4267
3936,110,4268
3939,883,4269
3944,3946,4270
3950,292,4271
3954,3956,4272
3958,683,4273
3965,1152,4274
3974,336,4275
3979,506,4276
3996,541,4277
4012,385,4278
4014,302,4279
4018,1456,4280
4022,2954,4281
4028,331,4282
4035,2821,4283
4046,811,4284
4050,4052,4285
4059,4061,4286
4064,1898,4287
4066,115,4288
4068,405,4289
4081,3683,4290
4087,315,4291
4090,456,4292
4097,1243,4293
4099,108,4294
4116,2405,4295
4118,265,4296
4123,2498,4297
4141,110,4298
4146,1841,4299
4159,1456,4300
4161,824,4301
4164,639,4302
3823,917,4303
4172,114,4304
4174,336,4305
4182,97,4306
4186,311,4307
4188,259,4308
4192,442,4309
4201,4203,4310
4210,1016,4311
4215,4217,4312
3866,811,4313
4222,507,4314
4231,2375,4315
4234,4236,4316
4237,4239,4317
4246,507,4318
4247,107,4319
4254,805,4320
1432,329,4321
69,3208,4322
476,1581,4323
283,432,4324
421,454,4325
454,417,4326
417,101,4327
279,667,4328
667,368,4329
368,340,4330
281,1466,4331
427,110,4332
1120,329,4333
329,100,4334
1708,812,4335
3901,472,4336
472,805,4337
3903,293,4338
293,2049,4339
3039,1090,4340
3565,468,4341
468,558,4342
558,3908,4343
517,391,4344
257,351,4345
351,259,4346
3909,842,4347
2449,115,4348
336,1713,4349
1605,336,4350
304,383,4351
383,287,4352
286,287,4353
421,1423,4354
258,1073,4355
286,2016,4356
3922,811,4357
2378,115,4358
1432,666,4359
1140,101,4360
291,119,4361
1007,983,4362
838,383,4363
1441,269,4364
269,1090,4365
283,898,4366
1115,362,4367
362,340,4368
889,3254,4369
784,259,4370
1051,422,4371
281,439,4372
3062,1153,4373
314,121,4374
973,114,4375
2545,1049,4376
696,287,4377
2113,2546,4378
3589,1234,4379
2669,965,4380
693,3591,4381
1006,459,4382
459,288,4383
288,1199,4384
889,433,4385
321,362,4386
260,1228,4387
1228,3595,4388
257,2662,4389
3598,1749,4390
1138,2905,4391
1685,1153,4392
366,115,4393
39,100,4394
1443,1153,4395
286,879,4396
1505,259,4397
1610,2396,4398
1443,116,4399
533,800,4400
968,336,4401
399,328,4402
601,296,4403
571,1548,4404
257,392,4405
3090,115,4406
305,114,4407
754,100,4408
533,598,4409
264,97,4410
1549,430,4411
430,100,4412
3969,98,4413
385,1639,4414
281,1651,4415
367,438,4416
813,267,4417
267,490,4418
3972,336,4419
2127,1202,4420
1650,351,4421
3075,915,4422
3377,3977,4423
513,2050,4424
1611,849,4425
523,599,4426
599,341,4427
342,447,4428
447,319,4429
319,849,4430
3982,2046,4431
409,111,4432
3626,525,4433
533,256,4434
256,3627,4435
1588,2132,4436
472,265,4437
1401,266,4438
284,454,4439
454,336,4440
2696,1105,4441
985,377,4442
258,256,4443
256,322,4444
342,535,4445
535,917,4446
3992,3635,4447
3108,1667,4448
2698,292,4449
571,1204,4450
948,849,4451
374,289,4452
289,602,4453
602,278,4454
1884,115,4455
2197,295,4456
295,336,4457
984,2119,4458
369,574,4459
574,121,4460
1159,2199,4461
2246,507,4462
32,51,4463
1254,334,4464
334,3988,4465
1474,2706,4466
282,3635,4467
3635,498,4468
498,304,4469
304,337,4470
283,489,4471
601,3649,4472
1441,3112,4473
1986,362,4474
2108,805,4475
1830,405,4476
1213,965,4477
3971,337,4478
268,812,4479
1292,110,4480
818,666,4481
1832,1204,4482
2944,2946,4483
2946,2049,4484
2948,805,4485
975,3656,4486
3656,378,4487
2680,1186,4488
3819,336,4489
2713,266,4490
266,116,4491
1232,4016,4492
342,317,4493
89,1993,4494
1203,116,4495
260,2581,4496
2116,799,4497
2903,1656,4498
938,329,4499
862,805,4500
2164,360,4501
360,506,4502
506,1119,4503
887,805,4504
4032,609,4505
609,1442,4506
4033,274,4507
1170,116,4508
2796,265,4509
271,1182,4510
1002,334,4511
334,625,4512
625,362,4513
901,454,4514
454,265,4515
374,274,4516
274,824,4517
727,274,4518
1253,1497,4519
701,119,4520
3437,805,4521
2463,337,4522
300,511,4523
511,3438,4524
257,485,4525
485,1053,4526
2422,2957,4527
66,434,4528
1443,315,4529
1753,110,4530
1028,436,4531
1597,615,4532
615,314,4533
314,805,4534
261,3247,4535
759,1181,4536
909,538,4537
1915,336,4538
852,883,4539
2541,343,4540
2727,290,4541
1928,265,4542
565,148,4543
1621,114,4544
1996,450,4545
450,451,4546
968,1749,4547
1595,3147,4548
985,262,4549
262,4070,4550
260,1916,4551
889,298,4552
374,604,4553
604,368,4554
1441,1156,4555
1120,433,4556
1441,876,4557
2128,296,4558
296,100,4559
2250,336,4560
2165,339,4561
3681,288,4562
288,343,4563
343,1139,4564
1139,3682,4565
2250,265,4566
1127,811,4567
1904,683,4568
1631,116,4569
501,313,4570
313,382,4571
382,101,4572
964,1068,4573
291,515,4574
515,278,4575
984,3684,4576
1550,538,4577
538,805,4578
628,1118,4579
34,44,4580
2512,1150,4581
3156,979,4582
421,1059,4583
403,2581,4584
2820,2046,4585
261,904,4586
2820,805,4587
1878,600,4588
3693,2726,4589
3693,358,4590
3463,1872,4591
707,373,4592
1653,659,4593
1006,690,4594
399,341,4595
341,119,4596
660,359,4597
359,266,4598
456,1960,4599
374,411,4600
411,275,4601
275,4094,4602
668,259,4603
1655,115,4604
544,278,4605
1443,490,4606
2749,805,4607
2038,314,4608
1476,327,4609
327,314,4610
2463,266,4611
302,336,4612
784,378,4613
378,116,4614
2722,1618,4615
1961,1713,4616
4108,377,4617
281,1156,4618
1597,1144,4619
1144,285,4620
260,971,4621
1148,265,4622
264,510,4623
510,430,4624
430,388,4625
388,108,4626
781,339,4627
339,883,4628
641,393,4629
286,392,4630
392,334,4631
334,599,4632
599,955,4633
1435,1215,4634
258,379,4635
379,318,4636
318,417,4637
889,1133,4638
407,336,4639
838,451,4640
451,507,4641
78,1428,4642
1203,484,4643
484,805,4644
2437,100,4645
1013,983,4646
2746,103,4647
2165,362,4648
975,377,4649
2115,805,4650
3491,805,4651
2246,1044,4652
271,500,4653
500,382,4654
484,265,4655
2093,534,4656
342,531,4657
531,382,4658
382,265,4659
2738,2514,4660
2514,100,4661
1055,1749,4662
3159,937,4663
1925,115,4664
86,792,4665
869,1215,4666
1718,666,4667
279,510,4668
510,336,4669
257,1917,4670
3461,411,4671
411,121,4672
2517,293,4673
293,378,4674
573,116,4675
2023,883,4676
1999,919,4677
1926,341,4678
1045,4137,4679
1254,321,4680
321,489,4681
489,265,4682
3504,979,4683
1203,339,4684
339,451,4685
374,971,4686
291,440,4687
440,2199,4688
1904,3656,4689
2395,109,4690
651,265,4691
892,378,4692
378,451,4693
1124,595,4694
595,828,4695
1954,288,4696
288,289,4697
289,263,4698
862,334,4699
334,458,4700
1061,1087,4701
478,562,4702
562,3684,4703
2755,325,4704
1232,2191,4705
1999,4156,4706
1459,265,4707
3110,1929,4708
1830,1850,4709
342,2200,4710
347,850,4711
1629,116,4712
416,1649,4713
269,3960,4714
1605,266,4715
342,373,4716
257,639,4717
3184,107,4718
268,639,4719
1647,742,4720
2356,115,4721
4167,805,4722
862,407,4723
407,2956,4724
845,2498,4725
404,805,4726
2673,1034,4727
310,388,4728
268,440,4729
1143,809,4730
257,904,4731
3792,115,4732
1718,112,4733
1610,4113,4734
2164,267,4735
267,272,4736
1508,805,4737
69,3517,4738
1054,315,4739
1753,1729,4740
2143,265,4741
1140,795,4742
488,46,4743
3943,839,4744
839,285,4745
285,116,4746
1514,101,4747
1514,336,4748
1311,115,4749
1482,646,4750
646,406,4751
1907,805,4752
284,380,4753
380,265,4754
2990,362,4755
4262,115,4756
4325,4327,4757
4328,4330,4758
4264,110,4759
4333,100,4760
4336,805,4761
4338,2049,4762
4341,4343,4763
4345,259,4764
4351,287,4765
4364,1090,4766
4367,340,4767
4382,4384,4768
4387,3595,4769
4411,100,4770
4417,490,4771
4426,341,4772
4428,4430,4773
4434,3627,4774
4439,336,4775
4443,322,4776
4445,917,4777
4452,4454,4778
4456,336,4779
4459,121,4780
4464,3988,4781
4467,4469,4782
4469,337,4783
4483,2049,4784
4486,378,4785
4490,116,4786
4501,4503,4787
4505,1442,4788
4511,4513,4789
4514,265,4790
4516,824,4791
4523,3438,4792
4525,1053,4793
4532,4534,4794
4545,451,4795
4549,4070,4796
4553,368,4797
4558,100,4798
4562,4564,4799
4564,3682,4800
4570,4572,4801
4574,278,4802
4577,805,4803
4595,119,4804
4597,266,4805
4292,1960,4806
4600,4602,4807
4609,314,4808
4613,116,4809
4619,285,4810
4623,4625,4811
4625,108,4812
4627,883,4813
4630,4632,4814
4632,955,4815
4635,4637,4816
4640,507,4817
4643,805,4818
4653,382,4819
4657,4659,4820
4660,100,4821
4668,336,4822
4671,121,4823
4673,378,4824
4680,4682,4825
4684,451,4826
4687,2199,4827
4692,451,4828
4694,828,4829
4696,4698,4830
4699,458,4831
4702,3684,4832
4723,2956,4833
4735,272,4834
4744,4746,4835
4750,406,4836
4753,265,4837
1478,266,4838
360,451,4839
1953,468,4840
476,380,4841
1427,396,4842
544,303,4843
328,266,4844
260,667,4845
667,1215,4846
1215,115,4847
788,328,4848
765,111,4849
1954,457,4850
457,292,4851
940,100,4852
1023,292,4853
3038,805,4854
258,108,4855
108,272,4856
272,1483,4857
260,489,4858
489,1202,4859
291,107,4860
1364,115,4861
660,919,4862
1041,321,4863
321,303,4864
303,265,4865
1657,1662,4866
3848,1214,4867
1856,1153,4868
403,392,4869
1185,115,4870
279,1152,4871
696,447,4872
447,101,4873
4190,292,4874
1522,1929,4875
1522,4003,4876
291,2050,4877
2513,3147,4878
629,1093,4879
1138,362,4880
362,410,4881
410,1175,4882
1051,335,4883
335,315,4884
533,801,4885
1549,590,4886
590,306,4887
306,110,4888
351,1601,4889
2177,121,4890
2177,866,4891
3519,805,4892
274,121,4893
362,265,4894
1378,552,4895
552,866,4896
279,1993,4897
1911,115,4898
1060,986,4899
291,104,4900
2000,1215,4901
900,3536,4902
732,385,4903
1484,337,4904
3189,917,4905
4122,322,4906
1617,340,4907
416,1594,4908
281,1150,4909
668,540,4910
540,337,4911
647,2986,4912
1054,2626,4913
3539,265,4914
1879,462,4915
3016,3858,4916
1226,1119,4917
342,1971,4918
3115,299,4919
284,3185,4920
361,1239,4921
3110,491,4922
491,435,4923
435,276,4924
276,349,4925
44,3754,4926
258,700,4927
964,339,4928
2441,805,4929
938,3627,4930
1185,1186,4931
743,395,4932
3172,343,4933
343,1093,4934
282,295,4935
295,2979,4936
2979,2369,4937
279,117,4938
117,120,4939
120,391,4940
391,121,4941
260,872,4942
836,539,4943
539,414,4944
1463,265,4945
3589,119,4946
44,39,4947
1435,525,4948
46,39,4949
1273,313,4950
313,378,4951
2123,104,4952
1006,354,4953
354,953,4954
567,305,4955
2465,805,4956
2684,473,4957
473,274,4958
4241,294,4959
1513,594,4960
83,3553,4961
2673,4157,4962
1006,2773,4963
1402,357,4964
357,296,4965
258,294,4966
294,433,4967
4310,265,4968
1127,1068,4969
4221,1606,4970
284,1243,4971
567,365,4972
365,98,4973
283,1074,4974
257,2203,4975
284,3858,4976
4213,805,4977
4251,468,4978
4253,288,4979
288,121,4980
571,3208,4981
257,2938,4982
1969,919,4983
1138,360,4984
810,436,4985
810,290,4986
290,111,4987
4324,1929,4988
483,540,4989
540,341,4990
1121,1667,4991
1637,104,4992
1392,313,4993
313,335,4994
279,471,4995
471,329,4996
785,115,4997
286,448,4998
448,266,4999
266,110,5000
660,2992,5001
1172,351,5002
421,382,5003
382,392,5004
392,2521,5005
307,1479,5006
1203,305,5007
260,429,5008
268,1210,5009
2342,850,5010
1054,309,5011
309,805,5012
3138,396,5013
396,458,5014
2834,805,5015
1159,370,5016
370,109,5017
2619,452,5018
452,314,5019
927,612,5020
1588,2003,5021
2634,612,5022
284,548,5023
548,276,5024
276,101,5025
782,1133,5026
2366,1175,5027
725,278,5028
278,386,5029
3039,1225,5030
2863,1181,5031
785,2369,5032
273,460,5033
460,115,5034
115,1890,5035
1830,311,5036
1738,337,5037
283,276,5038
276,791,5039
3044,365,5040
365,493,5041
1030,103,5042
2164,1186,5043
2647,451,5044
2648,4349,5045
1663,1864,5046
2649,267,5047
267,451,5048
3044,304,5049
2109,115,5050
804,266,5051
1866,490,5052
836,525,5053
67,312,5054
312,377,5055
537,336,5056
336,4351,5057
1517,331,5058
331,351,5059
351,458,5060
2885,1044,5061
401,1175,5062
2060,1606,5063
2542,456,5064
456,1053,5065
2454,365,5066
2455,4351,5067
533,993,5068
1172,302,5069
302,598,5070
2867,1147,5071
4371,883,5072
1622,2222,5073
260,521,5074
521,108,5075
2113,666,5076
4372,2639,5077
421,97,5078
97,619,5079
619,4374,5080
1597,343,5081
343,319,5082
319,1044,5083
3336,1929,5084
1232,361,5085
655,462,5086
614,880,5087
375,285,5088
285,110,5089
938,351,5090
2447,3254,5091
286,351,5092
351,1186,5093
3340,618,5094
618,1144,5095
1144,100,5096
1103,3050,5097
3941,104,5098
4385,556,5099
556,458,5100
1178,465,5101
465,4386,5102
1697,287,5103
280,803,5104
2901,467,5105
467,812,5106
3943,594,5107
1710,408,5108
408,2049,5109
2049,115,5110
1546,510,5111
510,435,5112
435,1442,5113
3806,100,5114
4389,3347,5115
582,314,5116
314,1150,5117
1555,1457,5118
1685,110,5119
260,119,5120
119,323,5121
323,103,5122
4392,115,5123
774,1044,5124
3948,265,5125
572,306,5126
1708,2069,5127
4271,100,5128
1120,965,5129
861,115,5130
284,1106,5131
1106,100,5132
1232,1234,5133
1597,556,5134
556,468,5135
357,538,5136
538,311,5137
4405,3960,5138
1432,338,5139
1644,318,5140
318,659,5141
845,1898,5142
347,787,5143
1520,405,5144
2403,4407,5145
1453,115,5146
1415,458,5147
2185,115,5148
283,494,5149
494,329,5150
2456,4414,5151
2684,3372,5152
342,667,5153
667,358,5154
358,490,5155
3971,294,5156
294,115,5157
2021,451,5158
413,1890,5159
1024,591,5160
591,336,5161
1264,1119,5162
85,112,5163
585,502,5164
2564,46,5165
374,2897,5166
3919,337,5167
271,921,5168
889,116,5169
281,1165,5170
2060,451,5171
1001,115,5172
3982,558,5173
558,490,5174
1492,115,5175
279,2154,5176
1488,336,5177
1189,115,5178
944,534,5179
1737,4437,5180
2029,265,5181
3909,1181,5182
1032,502,5183
561,116,5184
307,1946,5185
89,467,5186
2790,115,5187
2937,101,5188
284,265,5189
265,311,5190
260,324,5191
3991,265,5192
342,301,5193
301,805,5194
271,450,5195
450,492,5196
375,1107,5197
1488,805,5198
3580,842,5199
279,1946,5200
3994,842,5201
1140,3393,5202
905,314,5203
647,591,5204
985,1087,5205
271,373,5206
373,337,5207
622,101,5208
948,492,5209
492,297,5210
297,266,5211
3995,265,5212
284,1537,5213
342,805,5214
1894,1186,5215
972,103,5216
4454,514,5217
4454,453,5218
453,336,5219
1840,1850,5220
647,2017,5221
4002,832,5222
3110,4003,5223
257,471,5224
471,542,5225
893,3111,5226
4471,586,5227
586,265,5228
2109,404,5229
404,265,5230
68,3649,5231
860,805,5232
3565,2707,5233
765,115,5234
3957,805,5235
4002,335,5236
2704,1606,5237
3117,306,5238
306,356,5239
356,2049,5240
2419,408,5241
408,458,5242
896,354,5243
354,924,5244
3770,121,5245
3302,115,5246
399,262,5247
262,2383,5248
661,298,5249
628,109,5250
523,289,5251
289,349,5252
349,289,5253
289,115,5254
4493,1131,5255
4782,337,5256
4799,3682,5257
4811,108,5258
4814,955,5259
4845,4847,5260
4850,292,5261
4855,4857,5262
4858,1202,5263
4863,4865,5264
4872,101,5265
4880,4882,5266
4883,315,5267
4886,4888,5268
4895,866,5269
4910,337,5270
4922,4924,5271
4924,349,5272
4933,1093,5273
4935,4937,5274
4938,4940,5275
4940,121,5276
4943,414,5277
4950,378,5278
4953,953,5279
4964,296,5280
4966,433,5281
4972,98,5282
4979,121,5283
4986,111,5284
4989,341,5285
4993,335,5286
4995,329,5287
4998,5000,5288
5003,5005,5289
5011,805,5290
5013,458,5291
5016,109,5292
5018,314,5293
5023,5025,5294
5028,386,5295
5033,5035,5296
5038,791,5297
5040,493,5298
5047,451,5299
5054,377,5300
5056,4765,5301
5058,5060,5302
5064,1053,5303
5067,287,5304
5069,598,5305
5074,108,5306
5078,5080,5307
5081,5083,5308
5088,110,5309
5092,1186,5310
5094,5096,5311
5099,458,5312
5101,4386,5313
5105,812,5314
5108,5110,5315
5111,5113,5316
5116,1150,5317
5120,5122,5318
5131,100,5319
5134,468,5320
5136,311,5321
5140,659,5322
5149,329,5323
5153,5155,5324
5156,115,5325
5160,336,5326
5173,490,5327
5189,311,5328
5193,805,5329
5195,492,5330
5206,337,5331
5209,5211,5332
4778,514,5333
4778,5219,5334
5224,542,5335
5227,265,5336
5229,265,5337
5238,5240,5338
5241,458,5339
5243,924,5340
5247,2383,5341
5251,5253,5342
5253,115,5343
300,276,5344
276,507,5345
504,348,5346
413,267,5347
347,329,5348
329,1667,5349
1061,298,5350
1663,114,5351
564,706,5352
755,556,5353
556,335,5354
4499,4414,5355
3388,805,5356
2636,1119,5357
2959,336,5358
1010,120,5359
120,1539,5360
501,354,5361
354,272,5362
3424,805,5363
578,334,5364
334,2595,5365
2595,294,5366
416,1547,5367
1697,473,5368
473,792,5369
1681,272,5370
272,525,5371
1436,377,5372
950,490,5373
490,3977,5374
755,453,5375
453,304,5376
304,1696,5377
941,304,5378
304,965,5379
789,1034,5380
1062,849,5381
1115,468,5382
389,853,5383
268,294,5384
294,265,5385
265,805,5386
763,1215,5387
948,1456,5388
1492,542,5389
281,117,5390
117,111,5391
1185,919,5392
4540,2154,5393
4541,265,5394
2403,3669,5395
4056,115,5396
389,276,5397
276,2706,5398
3670,2202,5399
2143,2046,5400
3044,545,5401
545,101,5402
2901,535,5403
535,295,5404
2454,335,5405
654,120,5406
298,2191,5407
1030,1850,5408
1264,445,5409
445,857,5410
3823,110,5411
1478,340,5412
753,1049,5413
413,378,5414
378,937,5415
1744,805,5416
2269,805,5417
1986,4070,5418
3108,534,5419
3148,276,5420
276,265,5421
3903,335,5422
2824,115,5423
4077,115,5424
2792,398,5425
398,309,5426
2604,666,5427
258,4079,5428
294,539,5429
1032,965,5430
3611,115,5431
331,837,5432
3969,979,5433
1512,355,5434
355,490,5435
984,335,5436
335,116,5437
271,322,5438
322,805,5439
1035,121,5440
369,386,5441
386,1442,5442
1663,849,5443
1624,121,5444
1024,296,5445
296,1497,5446
1441,1656,5447
258,524,5448
1123,1186,5449
4590,451,5450
268,915,5451
915,612,5452
2713,349,5453
349,386,5454
386,2049,5455
1024,320,5456
320,1568,5457
3110,266,5458
2828,2354,5459
366,458,5460
4807,3682,5461
2744,805,5462
1460,390,5463
390,287,5464
399,415,5465
415,313,5466
313,357,5467
1286,3583,5468
3583,115,5469
3340,277,5470
277,3365,5471
1376,266,5472
443,115,5473
774,115,5474
906,288,5475
288,336,5476
3094,115,5477
4608,121,5478
2038,3595,5479
905,335,5480
3156,666,5481
268,494,5482
494,4612,5483
629,3050,5484
760,335,5485
364,3699,5486
46,46,5487
46,424,5488
264,306,5489
306,1713,5490
579,673,5491
673,828,5492
1517,115,5493
4108,2191,5494
1425,1625,5495
2684,805,5496
1113,304,5497
304,883,5498
827,4094,5499
4810,265,5500
3703,265,5501
374,298,5502
298,602,5503
602,121,5504
2542,937,5505
1720,121,5506
279,764,5507
1595,515,5508
515,265,5509
2057,612,5510
612,3682,5511
300,290,5512
290,2497,5513
533,308,5514
308,102,5515
1230,1087,5516
1755,265,5517
4816,1044,5518
722,292,5519
852,2049,5520
819,525,5521
1178,336,5522
845,4639,5523
501,2992,5524
4122,116,5525
260,406,5526
406,285,5527
257,336,5528
336,795,5529
633,108,5530
862,627,5531
627,3169,5532
818,289,5533
289,458,5534
4127,458,5535
2984,115,5536
260,1021,5537
283,500,5538
500,509,5539
2355,1153,5540
2269,306,5541
257,1489,5542
701,330,5543
330,965,5544
3565,883,5545
2380,3111,5546
264,311,5547
311,102,5548
2996,4612,5549
755,266,5550
266,453,5551
453,335,5552
504,368,5553
368,108,5554
571,2997,5555
1519,275,5556
275,116,5557
2403,340,5558
767,4655,5559
827,1239,5560
260,420,5561
420,442,5562
442,265,5563
4276,265,5564
2403,939,5565
636,1210,5566
654,436,5567
1172,319,5568
319,811,5569
2755,1090,5570
455,263,5571
263,121,5572
1554,337,5573
1554,4386,5574
4386,100,5575
2109,1186,5576
1866,1153,5577
261,907,5578
2920,115,5579
4055,4133,5580
310,288,5581
288,2236,5582
1734,525,5583
1255,336,5584
3267,115,5585
1151,336,5586
3630,115,5587
1026,1950,5588
1610,1713,5589
501,1118,5590
283,521,5591
521,490,5592
268,931,5593
283,1864,5594
696,442,5595
2023,114,5596
279,872,5597
1348,337,5598
1685,4136,5599
4138,1186,5600
966,1068,5601
889,659,5602
1142,4133,5603
286,329,5604
329,1186,5605
692,3365,5606
1418,115,5607
2750,3147,5608
3626,1215,5609
1006,479,5610
479,919,5611
320,405,5612
4405,4691,5613
613,1540,5614
1540,451,5615
271,1917,5616
862,116,5617
4830,265,5618
1062,405,5619
1232,3591,5620
2711,514,5621
260,298,5622
298,426,5623
2903,3112,5624
4704,336,5625
3007,265,5626
257,2581,5627
940,917,5628
3068,336,5629
1904,331,5630
342,3501,5631
281,391,5632
391,805,5633
784,443,5634
443,292,5635
2177,4157,5636
4105,979,5637
286,880,5638
2716,2050,5639
1474,1841,5640
271,3236,5641
3173,1136,5642
2512,4714,5643
523,3591,5644
1071,288,5645
4163,422,5646
422,110,5647
784,417,5648
417,292,5649
4716,265,5650
3184,811,5651
3184,1068,5652
4719,472,5653
472,336,5654
4719,4136,5655
905,1864,5656
281,939,5657
4716,805,5658
476,287,5659
526,302,5660
302,4726,5661
733,4714,5662
273,327,5663
327,4079,5664
389,797,5665
797,101,5666
4728,114,5667
39,488,5668
4729,4691,5669
1512,458,5670
83,1532,5671
2738,498,5672
498,1442,5673
271,272,5674
272,331,5675
1002,329,5676
329,312,5677
312,378,5678
378,315,5679
3681,301,5680
301,278,5681
278,388,5682
388,1175,5683
722,417,5684
4734,115,5685
948,1132,5686
1220,276,5687
4033,277,5688
277,382,5689
382,795,5690
286,276,5691
276,304,5692
304,562,5693
562,341,5694
341,362,5695
1140,116,5696
3519,1215,5697
345,3699,5698
654,1233,5699
513,104,5700
375,287,5701
1401,904,5702
2880,805,5703
1686,269,5704
269,1153,5705
416,121,5706
3666,115,5707
2165,612,5708
740,433,5709
433,294,5710
2638,405,5711
941,294,5712
463,272,5713
416,434,5714
268,434,5715
258,484,5716
484,1872,5717
2207,4839,5718
77,516,5719
3189,1153,5720
3725,615,5721
615,101,5722
1986,107,5723
759,1186,5724
607,465,5725
465,4839,5726
1184,101,5727
1435,2107,5728
4816,612,5729
4841,805,5730
4842,2706,5731
4843,436,5732
3364,3190,5733
3190,443,5734
443,304,5735
573,358,5736
358,522,5737
1015,1147,5738
281,4844,5739
4844,418,5740
418,917,5741
4590,391,5742
391,115,5743
283,373,5744
373,459,5745
459,274,5746
2619,805,5747
1033,2677,5748
1792,2050,5749
1655,2396,5750
4371,272,5751
1370,266,5752
3747,1950,5753
3747,1110,5754
268,441,5755
5271,349,5756
5275,121,5757
5342,115,5758
5344,507,5759
5348,1667,5760
5353,335,5761
5359,1539,5762
5361,272,5763
5364,5366,5764
5368,792,5765
5370,525,5766
5373,3977,5767
5375,5377,5768
5378,965,5769
5384,5386,5770
5390,111,5771
5397,2706,5772
5401,101,5773
5403,295,5774
5409,857,5775
5414,937,5776
5420,265,5777
5425,309,5778
5434,490,5779
5436,116,5780
5438,805,5781
5441,1442,5782
5445,1497,5783
5451,612,5784
5453,5455,5785
5456,1568,5786
5463,287,5787
5465,5467,5788
5468,115,5789
5470,3365,5790
5475,336,5791
5482,4612,5792
5487,424,5793
5489,1713,5794
5491,828,5795
5497,883,5796
5502,5504,5797
5508,265,5798
5510,3682,5799
5512,2497,5800
5514,102,5801
5526,285,5802
5528,795,5803
5531,3169,5804
5533,458,5805
5538,509,5806
5543,965,5807
5547,102,5808
5550,5552,5809
5553,108,5810
5556,116,5811
5561,5563,5812
5568,811,5813
5571,121,5814
5574,100,5815
5581,2236,5816
5591,490,5817
5604,1186,5818
5610,919,5819
5614,451,5820
5622,426,5821
5632,805,5822
5634,292,5823
5646,110,5824
5648,292,5825
5653,336,5826
5660,4726,5827
5663,4079,5828
5665,101,5829
5672,1442,5830
5674,331,5831
5676,5678,5832
5678,315,5833
5680,5682,5834
5682,1175,5835
5688,5690,5836
5691,5693,5837
5693,5695,5838
5704,1153,5839
5709,294,5840
5716,1872,5841
5721,101,5842
5725,4839,5843
5733,5735,5844
5736,522,5845
5739,5741,5846
5742,115,5847
5744,5746,5848
5755,336,5849
767,2354,5850
1986,534,5851
3972,666,5852
1430,121,5853
3184,451,5854
1203,490,5855
707,1601,5856
3754,46,5857
4729,1455,5858
2547,866,5859
892,405,5860
614,448,5861
1159,266,5862
3989,265,5863
1335,1890,5864
4540,121,5865
437,44,5866
257,569,5867
488,44,5868
607,4844,5869
4307,115,5870
2755,1456,5871
4292,612,5872
3421,594,5873
2920,805,5874
1481,427,5875
427,2872,5876
2746,331,5877
852,462,5878
4869,534,5879
1510,115,5880
281,1594,5881
767,269,5882
1555,408,5883
408,1186,5884
4842,919,5885
483,326,5886
326,101,5887
1230,490,5888
490,354,5889
354,538,5890
538,265,5891
2971,3111,5892
259,1177,5893
3681,465,5894
465,795,5895
1644,1090,5896
260,1177,5897
1200,110,5898
483,356,5899
854,429,5900
429,800,5901
1254,921,5902
2874,805,5903
258,546,5904
546,2004,5905
1552,562,5906
562,805,5907
257,1690,5908
1690,115,5909
2351,4655,5910
364,326,5911
326,464,5912
1726,269,5913
269,1068,5914
2403,1442,5915
681,329,5916
329,440,5917
440,1584,5918
1584,337,5919
2395,616,5920
307,415,5921
415,102,5922
2896,98,5923
32,745,5924
1932,435,5925
435,314,5926
314,812,5927
2289,1186,5928
1142,1112,5929
1112,100,5930
66,121,5931
4471,1696,5932
587,266,5933
266,381,5934
381,298,5935
2796,805,5936
403,351,5937
351,1667,5938
661,110,5939
281,4889,5940
368,462,5941
286,384,5942
384,297,5943
297,298,5944
529,378,5945
378,108,5946
375,328,5947
1185,4156,5948
1058,383,5949
4728,121,5950
2038,503,5951
1148,115,5952
2164,4133,5953
1776,805,5954
1232,377,5955
283,4893,5956
4056,265,5957
1033,4894,5958
4894,265,5959
914,4639,5960
257,406,5961
1121,666,5962
1750,527,5963
527,2199,5964
2246,612,5965
2675,4894,5966
4310,101,5967
553,111,5968
909,3254,5969
3922,1068,5970
2400,115,5971
279,301,5972
985,1467,5973
2170,795,5974
738,460,5975
985,336,5976
291,121,5977
3138,292,5978
292,115,5979
3901,4136,5980
1549,530,5981
530,849,5982
3848,100,5983
1062,458,5984
458,304,5985
304,666,5986
1500,560,5987
4841,336,5988
1138,2968,5989
1024,390,5990
390,332,5991
332,4016,5992
1024,931,5993
273,269,5994
269,97,5995
4041,266,5996
4869,1068,5997
1067,1133,5998
1957,2662,5999
2603,1016,6000
2345,361,6001
361,265,6002
2370,2626,6003
4213,265,6004
1616,115,6005
2164,404,6006
404,1152,6007
3848,530,6008
279,568,6009
568,422,6010
422,383,6011
886,534,6012
550,111,6013
342,2986,6014
1055,266,6015
271,265,6016
342,2226,6017
553,119,6018
987,295,6019
268,703,6020
703,1960,6021
282,362,6022
2583,312,6023
312,3908,6024
1734,101,6025
279,1540,6026
1540,114,6027
1750,305,6028
310,346,6029
346,1501,6030
1030,919,6031
3519,265,6032
1642,275,6033
275,326,6034
326,304,6035
3941,4726,6036
2542,340,6037
1138,263,6038
263,356,6039
2537,805,6040
4126,115,6041
281,3649,6042
349,99,6043
532,386,6044
1109,272,6045
272,1214,6046
4541,805,6047
4927,324,6048
324,101,6049
4928,115,6050
553,259,6051
2289,2049,6052
889,737,6053
737,4889,6054
66,3541,6055
4704,101,6056
342,297,6057
297,357,6058
357,362,6059
362,334,6060
334,115,6061
501,3208,6062
513,325,6063
1603,1153,6064
1116,330,6065
330,278,6066
2289,795,6067
4499,115,6068
284,929,6069
854,265,6070
265,287,6071
1192,321,6072
321,114,6073
1571,336,6074
2073,115,6075
1146,516,6076
516,805,6077
1555,321,6078
321,269,6079
269,265,6080
3040,289,6081
289,326,6082
326,1960,6083
258,330,6084
1142,387,6085
387,440,6086
440,795,6087
314,324,6088
755,362,6089
362,309,6090
309,812,6091
4221,883,6092
1463,525,6093
1443,108,6094
32,10,6095
1899,114,6096
2023,405,6097
1230,1467,6098
1590,103,6099
1549,407,6100
407,111,6101
655,3018,6102
4078,805,6103
3626,294,6104
294,110,6105
3624,278,6106
1463,805,6107
3336,266,6108
572,324,6109
324,314,6110
1571,805,6111
4372,1105,6112
77,568,6113
568,119,6114
3364,4137,6115
864,458,6116
1414,263,6117
1904,377,6118
377,1438,6119
1135,451,6120
1867,883,6121
3598,265,6122
825,112,6123
544,837,6124
3941,1181,6125
2143,805,6126
520,931,6127
715,318,6128
318,101,6129
2164,795,6130
282,611,6131
2292,337,6132
331,101,6133
864,811,6134
3628,339,6135
4957,274,6136
274,2154,6137
260,507,6138
507,294,6139
1550,2050,6140
257,319,6141
369,602,6142
602,101,6143
4241,1215,6144
281,473,6145
473,1040,6146
291,524,6147
3992,112,6148
567,657,6149
2454,1034,6150
284,287,6151
1663,315,6152
78,3879,6153
2549,2717,6154
4002,1214,6155
1390,336,6156
3065,805,6157
1109,923,6158
923,407,6159
407,926,6160
3113,391,6161
391,336,6162
279,105,6163
105,545,6164
545,301,6165
434,285,6166
4309,805,6167
300,955,6168
4927,1561,6169
347,848,6170
389,319,6171
319,292,6172
82,1199,6173
772,101,6174
310,323,6175
307,1108,6176
1108,100,6177
3191,368,6178
368,362,6179
607,1553,6180
2317,115,6181
283,1243,6182
533,3411,6183
2684,115,6184
4974,100,6185
1212,109,6186
2454,392,6187
392,336,6188
3489,917,6189
1376,805,6190
1028,359,6191
359,792,6192
962,114,6193
3080,1950,6194
1546,272,6195
272,2546,6196
571,2527,6197
4957,4893,6198
349,313,6199
313,1175,6200
1726,1228,6201
1228,100,6202
2097,266,6203
271,352,6204
352,2497,6205
2920,849,6206
71,4252,6207
1002,326,6208
326,615,6209
615,265,6210
2704,883,6211
1597,388,6212
388,2050,6213
4251,2546,6214
260,556,6215
556,470,6216
470,341,6217
341,100,6218
273,346,6219
346,335,6220
3706,2538,6221
1632,121,6222
909,294,6223
3107,336,6224
261,288,6225
288,262,6226
1178,724,6227
724,121,6228
257,440,6229
440,811,6230
765,1489,6231
767,669,6232
669,807,6233
260,812,6234
291,430,6235
430,2707,6236
1030,1153,6237
1775,805,6238
1070,278,6239
399,1623,6240
629,384,6241
384,341,6242
585,540,6243
540,121,6244
3189,121,6245
3495,3744,6246
774,2396,6247
2127,108,6248
260,588,6249
588,540,6250
540,849,6251
727,2924,6252
1203,309,6253
3866,311,6254
286,2674,6255
5832,315,6256
5834,1175,6257
5837,5695,6258
5875,2872,6259
5883,1186,6260
5886,101,6261
5888,5890,6262
5890,265,6263
5894,795,6264
5900,800,6265
5904,2004,6266
5906,805,6267
5908,115,6268
5911,464,6269
5913,1068,6270
5916,5918,6271
5918,337,6272
5921,102,6273
5925,5927,6274
5929,100,6275
5933,5935,6276
5937,1667,6277
5942,5944,6278
5945,108,6279
5958,265,6280
5963,2199,6281
5978,115,6282
5981,849,6283
5984,5986,6284
5990,5992,6285
5994,97,6286
6001,265,6287
6006,1152,6288
6009,6011,6289
6020,1960,6290
6023,3908,6291
6026,114,6292
6029,1501,6293
6033,6035,6294
6038,356,6295
5756,99,6296
6045,1214,6297
6048,101,6298
6053,4889,6299
6057,6059,6300
6059,6061,6301
6065,278,6302
6070,287,6303
6072,114,6304
6076,805,6305
6078,6080,6306
6081,6083,6307
6085,6087,6308
6089,6091,6309
6100,111,6310
6104,110,6311
6109,314,6312
6113,119,6313
6118,1438,6314
6128,101,6315
6136,2154,6316
6138,294,6317
6142,101,6318
6145,1040,6319
6158,6160,6320
6161,336,6321
6163,6165,6322
6171,292,6323
6176,100,6324
6178,362,6325
6187,336,6326
6191,792,6327
6195,2546,6328
5756,6200,6329
6201,100,6330
6204,2497,6331
6208,6210,6332
6212,2050,6333
6215,6217,6334
6217,100,6335
6219,335,6336
6225,262,6337
6227,121,6338
6229,811,6339
6232,807,6340
6235,2707,6341
6241,341,6342
6243,121,6343
6249,6251,6344
374,481,6345
481,408,6346
408,498,6347
498,1175,6348
947,405,6349
956,1186,6350
342,467,6351
467,4437,6352
3519,4407,6353
784,336,6354
336,277,6355
277,370,6356
370,1234,6357
2684,265,6358
3225,616,6359
3443,388,6360
388,451,6361
3510,121,6362
342,598,6363
598,259,6364
259,109,6365
399,301,6366
301,568,6367
568,115,6368
3189,110,6369
3189,315,6370
3174,2190,6371
284,1917,6372
5002,612,6373
307,1221,6374
4253,1133,6375
5002,2543,6376
2351,112,6377
416,101,6378
1033,549,6379
549,339,6380
1264,344,6381
344,304,6382
257,373,6383
373,591,6384
281,3494,6385
1432,109,6386
2473,110,6387
1530,288,6388
2143,1182,6389
779,2897,6390
3754,44,6391
4324,266,6392
1942,3008,6393
369,524,6394
524,1438,6395
1235,458,6396
286,308,6397
2755,405,6398
4190,311,6399
311,805,6400
889,3488,6401
696,1105,6402
2322,4349,6403
4032,460,6404
260,2361,6405
1103,1150,6406
310,351,6407
1554,320,6408
320,883,6409
3194,396,6410
342,429,6411
429,1016,6412
1138,315,6413
501,465,6414
637,103,6415
3598,101,6416
260,610,6417
300,1623,6418
681,319,6419
319,522,6420
909,292,6421
561,272,6422
272,1119,6423
342,454,6424
808,336,6425
3184,112,6426
1957,639,6427
639,3346,6428
1077,1068,6429
1041,1448,6430
1432,3254,6431
4589,346,6432
346,448,6433
1550,2396,6434
654,311,6435
311,606,6436
606,805,6437
1033,1601,6438
281,2871,6439
2871,344,6440
344,1442,6441
2109,791,6442
2526,337,6443
375,390,6444
390,110,6445
2036,849,6446
4264,490,6447
286,278,6448
278,2049,6449
2049,265,6450
3596,3662,6451
613,457,6452
457,937,6453
2038,4079,6454
1142,430,6455
430,883,6456
3410,666,6457
882,370,6458
370,1754,6459
671,2992,6460
948,405,6461
949,824,6462
1490,311,6463
275,385,6464
258,422,6465
422,433,6466
1856,115,6467
86,2540,6468
310,1221,6469
260,1108,6470
1108,114,6471
3720,115,6472
940,3147,6473
2350,451,6474
6262,265,6475
6271,337,6476
6300,6061,6477
6334,100,6478
6345,6347,6479
6347,1175,6480
6351,4437,6481
6354,6356,6482
6356,1234,6483
6360,451,6484
6363,6365,6485
6366,6368,6486
6379,339,6487
6381,304,6488
6383,591,6489
6394,1438,6490
6399,805,6491
6408,883,6492
6411,1016,6493
6419,522,6494
6422,1119,6495
6427,3346,6496
6432,448,6497
6435,6437,6498
6439,6441,6499
6444,110,6500
6448,6450,6501
6452,937,6502
6455,883,6503
6458,1754,6504
6465,433,6505
6470,114,6506
6479,1175,6507
6482,1234,6508
