 0.000000000000000e+00    9.940000000000000e-01    0.000000000000000e+00
 8.008008008008008e-02    9.311548942428770e-01   -3.770267405704109e-02
 1.601601601601602e-01    8.814899481183007e-01   -4.178125519763950e-02
 2.402402402402402e-01    8.358251664276752e-01   -3.560224861702489e-02
 3.203203203203203e-01    7.916336306002779e-01   -2.130346324728687e-02
 4.004004004004004e-01    7.476538592382334e-01    3.982220246275162e-04
 4.804804804804805e-01    7.029139337178182e-01    2.918116805736503e-02
 5.605605605605606e-01    6.564373514696424e-01    6.481977155340965e-02
 6.406406406406406e-01    6.071059011662860e-01    1.070061108036182e-01
 7.207207207207207e-01    5.535922899596782e-01    1.551709173177826e-01
 8.008008008008008e-01    4.943746540506229e-01    2.082646294872152e-01
 8.808808808808809e-01    4.278990503763558e-01    2.645091234918502e-01
 9.609609609609610e-01    3.529795204910431e-01    3.212198383263890e-01
 1.041041041041041e+00    2.694437836742507e-01    3.749292290947853e-01
 1.121121121121121e+00    1.787582522160870e-01    4.220679760348151e-01
 1.201201201201201e+00    8.407480512489865e-02    4.601045046998970e-01
 1.281281281281281e+00   -1.061228855401571e-02    4.884424173068775e-01
 1.361361361361361e+00   -1.016949094350847e-01    5.083847433484748e-01
 1.441441441441441e+00   -1.867260321900242e-01    5.223118822876156e-01
 1.521521521521521e+00   -2.644789464034469e-01    5.327763335164541e-01
 1.601601601601602e+00   -3.346064746027237e-01    5.419589157932657e-01
 1.681681681681682e+00   -3.972550596672750e-01    5.514913361699644e-01
 1.761761761761762e+00   -4.527867278139858e-01    5.624830808476696e-01
 1.841841841841842e+00   -5.016191961148917e-01    5.756202640888425e-01
 1.921921921921922e+00   -5.441487178282793e-01    5.912701376934519e-01
 2.002002002002002e+00   -5.807208582581576e-01    6.095681099623713e-01
 2.082082082082082e+00   -6.116258778167424e-01    6.304837114343703e-01
 2.162162162162162e+00   -6.371053331157214e-01    6.538686431322426e-01
 2.242242242242242e+00   -6.573628570300232e-01    6.794913187093395e-01
 2.322322322322322e+00   -6.725756663618910e-01    7.070617661692304e-01
 2.402402402402402e+00   -6.829052414841269e-01    7.362498222127228e-01
 2.482482482482482e+00   -6.885065775784746e-01    7.666987085537625e-01
 2.562562562562563e+00   -6.895358657165115e-01    7.980354328145699e-01
 2.642642642642643e+00   -6.861566672794224e-01    8.298789938693314e-01
 2.722722722722723e+00   -6.785447252157146e-01    8.618470509550388e-01
 2.802802802802803e+00   -6.668915762570961e-01    8.935614971687300e-01
 2.882882882882883e+00   -6.514071226104691e-01    9.246532297059216e-01
 2.962962962962963e+00   -6.323213060957267e-01    9.547663088531236e-01
 3.043043043043043e+00   -6.098850098863119e-01    9.835616298052620e-01
 3.123123123123123e+00   -5.843702963029659e-01    1.010720185322194e+00
 3.203203203203203e+00   -5.560700747669127e-01    1.035945965996342e+00
 3.283283283283283e+00   -5.252972822962317e-01    1.058968523718924e+00
 3.363363363363364e+00   -4.923836496511901e-01    1.079545209592444e+00
 3.443443443443444e+00   -4.576781190618319e-01    1.097463087849881e+00
 3.523523523523524e+00   -4.215449740326215e-01    1.112540520789681e+00
 3.603603603603604e+00   -3.843617376662095e-01    1.124628415245334e+00
 3.683683683683684e+00   -3.465168929749263e-01    1.133611117890187e+00
 3.763763763763764e+00   -3.084074764901122e-01    1.139406944121280e+00
 3.843843843843844e+00   -2.704365949042385e-01    1.141968322859717e+00
 3.923923923923924e+00   -2.330109132749437e-01    1.141281536880597e+00
 4.004004004004004e+00   -1.965381622642271e-01    1.137366034766357e+00
 4.084084084084084e+00   -1.614247107251428e-01    1.130273285733832e+00
 4.164164164164164e+00   -1.280732483486026e-01    1.120085141787177e+00
 4.244244244244245e+00   -9.688062055969224e-02    1.106911662112424e+00
 4.324324324324325e+00   -6.823585367097383e-02    1.090888341359125e+00
 4.404404404404405e+00   -4.251840129967364e-02    1.072172665174887e+00
 4.484484484484485e+00   -2.009663138903003e-02    1.050939891454951e+00
 4.564564564564565e+00   -1.326553871061186e-03    1.027377922251689e+00
 4.644644644644645e+00    1.344924271271421e-02    1.001681086857682e+00
 4.724724724724725e+00    2.390252914927350e-02    9.740425989150258e-01
 4.804804804804805e+00    2.972041584493302e-02    9.446453780232882e-01
 4.884884884884885e+00    3.060667957152399e-02    9.136508405795665e-01
 4.964964964964965e+00    2.628395969857186e-02    8.811851741975850e-01
 5.045045045045045e+00    1.649769478292181e-02    8.473225406238922e-01
 5.125125125125125e+00    1.023213122023246e-03    8.120646654982835e-01
 5.205205205205205e+00   -2.032178874251913e-02    7.753165054391468e-01
 5.285285285285285e+00   -4.765597596236099e-02    7.368584116243244e-01
 5.365365365365365e+00   -8.099943000355517e-02    6.963169616571191e-01
 5.445445445445445e+00   -1.202187748601267e-01    6.531403037818323e-01
 5.525525525525525e+00   -1.649462862509052e-01    6.065906655469439e-01
 5.605605605605605e+00   -2.144720935759933e-01    5.557773449191926e-01
 5.685685685685685e+00   -2.676252270552180e-01    4.997653266922753e-01
 5.765765765765765e+00   -3.226937387149591e-01    4.377952816486225e-01
 5.845845845845846e+00   -3.774784788196133e-01    3.696134272019126e-01
 5.925925925925926e+00   -4.295818981098388e-01    2.958128764635085e-01
 6.006006006006006e+00   -4.769263858666065e-01    2.179799113845423e-01
 6.086086086086086e+00   -5.182907071175720e-01    1.384679680318032e-01
 6.166166166166166e+00   -5.535564532123658e-01    5.986205379535023e-02
 6.246246246246246e+00   -5.835419291314394e-01   -1.557004140268501e-02
 6.326326326326327e+00   -6.095874843910033e-01   -8.618085445245592e-02
 6.406406406406407e+00   -6.331452850988744e-01   -1.509672091558674e-01
 6.486486486486487e+00   -6.555127644262694e-01   -2.094346197302644e-01
 6.566566566566567e+00   -6.777158788151952e-01   -2.614261550515285e-01
 6.646646646646647e+00   -7.004909820885282e-01   -3.069806737386849e-01
 6.726726726726727e+00   -7.243146371984073e-01   -3.462364241224039e-01
 6.806806806806807e+00   -7.494492242483671e-01   -3.793735387517900e-01
 6.886886886886887e+00   -7.759884955432534e-01   -4.065836116144189e-01
 6.966966966966967e+00   -8.038970138780822e-01   -4.280560940481579e-01
 7.047047047047047e+00   -8.330421960949971e-01   -4.439743039646540e-01
 7.127127127127127e+00   -8.632196279363910e-01   -4.545164870172774e-01
 7.207207207207207e+00   -8.941728895262241e-01   -4.598592169529072e-01
 7.287287287287287e+00   -9.256091298239529e-01   -4.601815958423858e-01
 7.367367367367367e+00   -9.572114318132350e-01   -4.556694208540982e-01
 7.447447447447447e+00   -9.886487794918151e-01   -4.465188944637089e-01
 7.527527527527528e+00   -1.019584232399660e+00   -4.329396869699993e-01
 7.607607607607608e+00   -1.049681748966771e+00   -4.151572878510771e-01
 7.687687687687688e+00   -1.078611974889182e+00   -3.934146503905024e-01
 7.767767767767768e+00   -1.106057220280423e+00   -3.679731682911776e-01
 7.847847847847848e+00   -1.131715782122954e+00   -3.391130387890198e-01
 7.927927927927928e+00   -1.155305720191141e+00   -3.071330726947470e-01
 8.008008008008009e+00   -1.176568160117468e+00   -2.723500126771205e-01
 8.088088088088089e+00   -1.195270172848290e+00   -2.350974196348138e-01
 8.168168168168169e+00   -1.211207262605597e+00   -1.957241846320811e-01
 8.248248248248249e+00   -1.224205483615654e+00   -1.545927213434437e-01
 8.328328328328329e+00   -1.234123197818240e+00   -1.120768916268248e-01
 8.408408408408409e+00   -1.240852480467345e+00   -6.855971487395834e-02
 8.488488488488489e+00   -1.244320177194525e+00   -2.443091021498428e-02
 8.568568568568569e+00   -1.244488614148488e+00    1.991568052730150e-02
 8.648648648648649e+00   -1.241355961804197e+00    6.408474205619133e-02
 8.728728728728729e+00   -1.234956252598105e+00    1.076821603987891e-01
 8.808808808808809e+00   -1.225359052394597e+00    1.503176768576544e-01
 8.888888888888889e+00   -1.212668785650870e+00    1.916074745537027e-01
 8.968968968968969e+00   -1.197023713752766e+00    2.311766505471499e-01
 9.049049049049049e+00   -1.178594565048331e+00    2.686615257405102e-01
 9.129129129129129e+00   -1.157582813262185e+00    3.037117436245985e-01
 9.209209209209209e+00   -1.134218597798870e+00    3.359921073972196e-01
 9.289289289289290e+00   -1.108758274372221e+00    3.651841030536027e-01
 9.369369369369370e+00   -1.081481576673518e+00    3.909870537533056e-01
 9.449449449449450e+00   -1.052688358382774e+00    4.131188482475133e-01
 9.529529529529530e+00   -1.022694868316698e+00    4.313161837365819e-01
 9.609609609609610e+00   -9.918294879377026e-01    4.453342619180690e-01
 9.689689689689690e+00   -9.604278271286931e-01    4.549458775349931e-01
 9.769769769769770e+00   -9.288270274041870e-01    4.599398439621774e-01
 9.849849849849850e+00   -8.973590566974047e-01    4.601187148424672e-01
 9.929929929929930e+00   -8.663426903002092e-01    4.552957926349925e-01
 1.001001001001001e+01   -8.360737511255264e-01    4.452914784447007e-01
 1.009009009009009e+01   -8.068130222364839e-01    4.299291374220968e-01
 1.017017017017017e+01   -7.787710431431321e-01    4.090308725874084e-01
 1.025025025025025e+01   -7.520887715981338e-01    3.824139874734838e-01
 1.033033033033033e+01   -7.268128875658165e-01    3.498895868934565e-01
 1.041041041041041e+01   -7.028644827256144e-01    3.112658816277845e-01
 1.049049049049049e+01   -6.800003662683335e-01    2.663605337828560e-01
 1.057057057057057e+01   -6.577679679790898e-01    2.150289460041900e-01
 1.065065065065065e+01   -6.354592254640120e-01    1.572184638023597e-01
 1.073073073073073e+01   -6.120780154263723e-01    9.306033184907188e-02
 1.081081081081081e+01   -5.863513486795567e-01    2.300699608884725e-02
 1.089089089089089e+01   -5.568334238310937e-01   -5.199781797239342e-02
 1.097097097097097e+01   -5.221555716787629e-01   -1.303750509213636e-01
 1.105105105105105e+01   -4.814255564359071e-01   -2.099114533826844e-01
 1.113113113113113e+01   -4.346525038376571e-01   -2.880319491866311e-01
 1.121121121121121e+01   -3.829495381222515e-01   -3.623320126857913e-01
 1.129129129129129e+01   -3.283289886168458e-01   -4.311300973519675e-01
 1.137137137137137e+01   -2.731822219509042e-01   -4.937332369467092e-01
 1.145145145145145e+01   -2.197463312208679e-01   -5.503231628974399e-01
 1.153153153153153e+01   -1.697886319399574e-01   -6.016241861805088e-01
 1.161161161161161e+01   -1.245329152733805e-01   -6.485655701046823e-01
 1.169169169169169e+01   -8.473069864292153e-02   -6.920491279611993e-01
 1.177177177177177e+01   -5.077923908119089e-02   -7.328306803278609e-01
 1.185185185185185e+01   -2.283161289965441e-02   -7.714811323750526e-01
 1.193193193193193e+01   -8.804695363986848e-04   -8.083911168970567e-01
 1.201201201201201e+01    1.518469174618648e-02   -8.437946288060495e-01
 1.209209209209209e+01    2.554084896675021e-02   -8.777980859971243e-01
 1.217217217217217e+01    3.040904384580986e-02   -9.104084435075178e-01
 1.225225225225225e+01    3.004118614763617e-02   -9.415579215437552e-01
 1.233233233233233e+01    2.471253306468764e-02   -9.711248082615225e-01
 1.241241241241241e+01    1.471750722366932e-02   -9.989506017355180e-01
 1.249249249249249e+01    3.673702814647647e-04   -1.024854022368828e+00
 1.257257257257257e+01   -1.801116385306861e-02   -1.048642454770768e+00
 1.265265265265265e+01   -4.007692780252131e-02   -1.070121313451160e+00
 1.273273273273273e+01   -6.547523350273624e-02   -1.089101736845659e+00
 1.281281281281281e+01   -9.383891787337170e-02   -1.105406927390982e+00
 1.289289289289289e+01   -1.247895917359794e-01   -1.118877381489192e+00
 1.297297297297297e+01   -1.579391278610163e-01   -1.129375194081431e+00
 1.305305305305305e+01   -1.928913906689514e-01   -1.136787576873495e+00
 1.313313313313313e+01   -2.292441897996228e-01   -1.141029694735601e+00
 1.321321321321321e+01   -2.665914274789400e-01   -1.142046899114380e+00
 1.329329329329329e+01   -3.045254022355793e-01   -1.139816418420854e+00
 1.337337337337337e+01   -3.426392271126957e-01   -1.134348551640844e+00
 1.345345345345345e+01   -3.805293178673853e-01   -1.125687401547291e+00
 1.353353353353353e+01   -4.177979049815419e-01   -1.113911176855625e+00
 1.361361361361361e+01   -4.540555221195712e-01   -1.099132087651676e+00
 1.369369369369369e+01   -4.889234226145299e-01   -1.081495854792944e+00
 1.377377377377377e+01   -5.220358743838537e-01   -1.061180851200986e+00
 1.385385385385385e+01   -5.530422821480666e-01   -1.038396890545183e+00
 1.393393393393393e+01   -5.816090837370215e-01   -1.013383676298816e+00
 1.401401401401401e+01   -6.074213643891760e-01   -9.864089210234267e-01
 1.409409409409409e+01   -6.301841290199235e-01   -9.577661414090818e-01
 1.417417417417417e+01   -6.496231671530799e-01   -9.277721283000849e-01
 1.425425425425425e+01   -6.654854382305856e-01   -8.967640816285669e-01
 1.433433433433433e+01   -6.775388959689304e-01   -8.650963863989846e-01
 1.441441441441441e+01   -6.855716589695839e-01   -8.331369855063077e-01
 1.449449449449449e+01   -6.893904207125656e-01   -8.012632751392469e-01
 1.457457457457457e+01   -6.888179755619331e-01   -7.698574042501692e-01
 1.465465465465465e+01   -6.836897196061369e-01   -7.393007942733774e-01
 1.473473473473473e+01   -6.738489691230884e-01   -7.099675988441344e-01
 1.481481481481481e+01   -6.591409322920904e-01   -6.822166807849679e-01
 1.489489489489489e+01   -6.394051865838587e-01   -6.563814733794229e-01
 1.497497497497497e+01   -6.144665859246907e-01   -6.327567844959464e-01
 1.505505505505506e+01   -5.841247097270063e-01   -6.115811558855022e-01
 1.513513513513514e+01   -5.481423900603919e-01   -5.930127635014730e-01
 1.521521521521522e+01   -5.062347417798924e-01   -5.770960193663440e-01
 1.529529529529530e+01   -4.580618919211678e-01   -5.637150994989392e-01
 1.537537537537538e+01   -4.032319751303742e-01   -5.525299948846402e-01
 1.545545545545546e+01   -3.413269785315636e-01   -5.428916573218271e-01
 1.553553553553554e+01   -2.719735955293475e-01   -5.337386934597816e-01
 1.561561561561562e+01   -1.949928755833213e-01   -5.234958623607473e-01
 1.569569569569570e+01   -1.106653055668148e-01   -5.100349743987734e-01
 1.577577577577578e+01   -2.010941055481046e-02   -4.908236991143603e-01
 1.585585585585586e+01    7.435960289973677e-02   -4.634269703361045e-01
 1.593593593593594e+01    1.692291421493483e-01   -4.263871578489657e-01
 1.601601601601602e+01    2.604898498730305e-01   -3.800878187759976e-01
 1.609609609609610e+01    3.448521106415519e-01   -3.268922675250472e-01
 1.617617617617618e+01    4.206651568147143e-01   -2.703194250654607e-01
 1.625625625625626e+01    4.879581171727270e-01   -2.138889171918991e-01
 1.633633633633634e+01    5.478462410831527e-01   -1.603784541091747e-01
 1.641641641641642e+01    6.018689230377265e-01   -1.116531578167381e-01
 1.649649649649650e+01    6.515620294726077e-01   -6.882544822759605e-02
 1.657657657657658e+01    6.982751485898249e-01   -3.250273188542382e-02
 1.665665665665666e+01    7.431457845515703e-01   -3.010864763876171e-03
 1.673673673673674e+01    7.871599900160259e-01    1.942380161985965e-02
 1.681681681681682e+01    8.312808589256505e-01    3.449931432239327e-02
 1.689689689689690e+01    8.767164899655183e-01    4.156286065488193e-02
 1.697697697697698e+01    9.257592009729175e-01    3.874020149013487e-02
 1.705705705705706e+01    9.879641231876307e-01    1.242122598740932e-02
 1.713713713713714e+01    9.366679799495525e-01   -3.647716317034247e-02
 1.721721721721722e+01    8.863011892224330e-01   -4.189740237703848e-02
 1.729729729729730e+01    8.403839623553740e-01   -3.662178066843923e-02
 1.737737737737738e+01    7.961092706012598e-01   -2.310655864744952e-02
 1.745745745745746e+01    7.521540594922798e-01   -2.140976281417953e-03
 1.753753753753754e+01    7.075348168802791e-01    2.593084867378410e-02
 1.761761761761762e+01    6.612832217721514e-01    6.088229156290111e-02
 1.769769769769770e+01    6.122996431159935e-01    1.024215382005580e-01
 1.777777777777778e+01    5.592791755411588e-01    1.500151811143410e-01
 1.785785785785786e+01    5.007155573706329e-01    2.026738616629699e-01
 1.793793793793794e+01    4.350444171650696e-01    2.587044024202639e-01
 1.801801801801802e+01    3.610160051636611e-01    3.155164038652297e-01
 1.809809809809810e+01    2.783219242228276e-01    3.697015089859141e-01
 1.817817817817818e+01    1.882450826954521e-01    4.176525112593530e-01
 1.825825825825826e+01    9.379036731513625e-02    4.566796206376241e-01
 1.833833833833834e+01   -1.076657182572870e-03    4.859730494268782e-01
 1.841841841841842e+01   -9.266059777068002e-02    5.066719663157155e-01
 1.849849849849850e+01   -1.783828734091951e-01    5.210923151255188e-01
 1.857857857857858e+01   -2.569047232045037e-01    5.318011575727630e-01
 1.865865865865866e+01   -3.278081542372918e-01    5.410302602310267e-01
 1.873873873873874e+01   -3.912042184269898e-01    5.504681904424733e-01
 1.881881881881882e+01   -4.474420366159157e-01    5.612736067097216e-01
 1.889889889889890e+01   -4.969382596575538e-01    5.741707914200671e-01
 1.897897897897898e+01   -5.400932449410771e-01    5.895551442600062e-01
 1.905905905905906e+01   -5.772582131963725e-01    6.075823394734825e-01
 1.913913913913914e+01   -6.087288743480886e-01    6.282363450469830e-01
 1.921921921921922e+01   -6.347512883766491e-01    6.513790942555874e-01
 1.929929929929930e+01   -6.555324211467378e-01    6.767862121896704e-01
 1.937937937937938e+01   -6.712516715255717e-01    7.041727498527485e-01
 1.945945945945946e+01   -6.820716738697696e-01    7.332119536646258e-01
 1.953953953953954e+01   -6.881477063990580e-01    7.635492370343364e-01
 1.961961961961962e+01   -6.896355315078773e-01    7.948128534758719e-01
 1.969969969969970e+01   -6.866977178540253e-01    8.266222910408126e-01
 1.977977977977978e+01   -6.795085830636650e-01    8.585950747742432e-01
 1.985985985985986e+01   -6.682579206567824e-01    8.903524364224658e-01
 1.993993993993994e+01   -6.531536709224621e-01    9.215241563460855e-01
 2.002002002002002e+01   -6.344236804862160e-01    9.517527781780473e-01
 2.010010010010010e+01   -6.123166775253760e-01    9.806973260740796e-01
 2.018018018018018e+01   -5.871025726876972e-01    1.008036606487465e+00
 2.026026026026026e+01   -5.590721811606401e-01    1.033472143897748e+00
 2.034034034034034e+01   -5.285364493527548e-01    1.056730777881805e+00
 2.042042042042042e+01   -4.958252601357367e-01    1.077566933992621e+00
 2.050050050050050e+01   -4.612858832257446e-01    1.095764570828492e+00
 2.058058058058058e+01   -4.252811316839823e-01    1.111138798859589e+00
 2.066066066066066e+01   -3.881872813373647e-01    1.123537161918471e+00
 2.074074074074074e+01   -3.503918068494255e-01    1.132840568943591e+00
 2.082082082082082e+01   -3.122909859411168e-01    1.138963860965143e+00
 2.090090090090090e+01   -2.742874216365130e-01    1.141855995922719e+00
 2.098098098098098e+01   -2.367875311746793e-01    1.141499831233480e+00
 2.106106106106106e+01   -2.001990491686132e-01    1.137911480614336e+00
 2.114114114114114e+01   -1.649285914554393e-01    1.131139216979756e+00
 2.122122122122122e+01   -1.313793245459798e-01    1.121261886670659e+00
 2.130130130130130e+01   -9.994878318108169e-02    1.108386791053981e+00
 2.138138138138138e+01   -7.102687453332536e-02    1.092646978695688e+00
 2.146146146146146e+01   -4.499410094967511e-02    1.074197873608666e+00
 2.154154154154154e+01   -2.222002205185496e-02    1.053213140932754e+00
 2.162162162162162e+01   -3.061958667725392e-03    1.029879658866030e+00
 2.170170170170170e+01    1.213608909675395e-02    1.004391422457043e+00
 2.178178178178178e+01    2.304438665047797e-02    9.769421486474229e-01
 2.186186186186186e+01    2.934842980366437e-02    9.477162810841926e-01
 2.194194194194194e+01    3.075021680402652e-02    9.168780086215587e-01
 2.202202202202202e+01    2.697032327381695e-02    8.845578207426122e-01
 2.210210210210210e+01    1.775160783326855e-02    8.508360495662377e-01
 2.218218218218218e+01    2.865895475984639e-03    8.157228485371586e-01
 2.226226226226226e+01   -1.787422604920345e-02    7.791342581426343e-01
 2.234234234234234e+01   -4.459522899849179e-02    7.408646681849322e-01
 2.242242242242242e+01   -7.732936177021384e-02    7.005576003463093e-01
 2.250250250250250e+01   -1.159621108892055e-01    6.576801588486429e-01
 2.258258258258258e+01   -1.601541544152173e-01    6.115129308386744e-01
 2.266266266266266e+01   -2.092359925135623e-01    5.611774183750675e-01
 2.274274274274274e+01   -2.620885632236576e-01    5.057351316500489e-01
 2.282282282282282e+01   -3.170557432822488e-01    4.443952280024708e-01
 2.290290290290290e+01   -3.719793129984247e-01    3.768356108045656e-01
 2.298298298298298e+01   -4.244611149892971e-01    3.035512418926248e-01
 2.306306306306306e+01   -4.723641317527558e-01    2.260307397811021e-01
 2.314314314314314e+01   -5.143616957408509e-01    1.465705963958963e-01
 2.322322322322322e+01   -5.502242195973929e-01    6.775980591630290e-02
 2.330330330330330e+01   -5.806915289027398e-01   -8.082462956912950e-03
 2.338338338338338e+01   -6.070712760886632e-01   -7.924046958926344e-02
 2.346346346346346e+01   -6.308192303965027e-01   -1.446500668238540e-01
 2.354354354354354e+01   -6.532561074639228e-01   -2.037728991693946e-01
 2.362362362362362e+01   -6.754375536434092e-01   -2.564248669579943e-01
 2.370370370370370e+01   -6.981285506616575e-01   -3.026300395571456e-01
 2.378378378378378e+01   -7.218301404541458e-01   -3.425197300468378e-01
 2.386386386386386e+01   -7.468243699907576e-01   -3.762715586824511e-01
 2.394394394394394e+01   -7.732202457930730e-01   -4.040767890798763e-01
 2.402402402402402e+01   -8.009939053760938e-01   -4.261253911035922e-01
 2.410410410410410e+01   -8.300214018748898e-01   -4.426013173716886e-01
 2.418418418418418e+01   -8.601046510324184e-01   -4.536831987790048e-01
 2.426426426426426e+01   -8.909917569586203e-01   -4.595475922572126e-01
 2.434434434434434e+01   -9.223929681691648e-01   -4.603731466548963e-01
 2.442442442442442e+01   -9.539933288862137e-01   -4.563447974394098e-01
 2.450450450450450e+01   -9.854628595326704e-01   -4.476575350476439e-01
 2.458458458458458e+01   -1.016464891275580e+00   -4.345195378561954e-01
 2.466466466466466e+01   -1.046663010763683e+00   -4.171545966035703e-01
 2.474474474474474e+01   -1.075726942392050e+00   -3.958038296458676e-01
 2.482482482482482e+01   -1.103337599988846e+00   -3.707267253067872e-01
 2.490490490490490e+01   -1.129191470338434e+00   -3.422015647844888e-01
 2.498498498498498e+01   -1.153004440931723e+00   -3.105252857310962e-01
 2.506506506506507e+01   -1.174515148614947e+00   -2.760128478685082e-01
 2.514514514514515e+01   -1.193487900498297e+00   -2.389961606958857e-01
 2.522522522522523e+01   -1.209715200715977e+00   -1.998226310216097e-01
 2.530530530530531e+01   -1.223019904311294e+00   -1.588533855173452e-01
 2.538538538538539e+01   -1.233257011139607e+00   -1.164612211357984e-01
 2.546546546546547e+01   -1.240315107139182e+00   -7.302833422370494e-02
 2.554554554554555e+01   -1.244117456809703e+00   -2.894387754890537e-02
 2.562562562562563e+01   -1.244622748661977e+00    1.539860675978684e-02
 2.570570570570571e+01   -1.241825494303983e+00    5.960383121496492e-02
 2.578578578578579e+01   -1.235756081346602e+00    1.032774372866307e-01
 2.586586586586587e+01   -1.226480480144458e+00    1.460286536035903e-01
 2.594594594594595e+01   -1.214099604260237e+00    1.874728915057006e-01
 2.602602602602603e+01   -1.198748324185189e+00    2.272342309944480e-01
 2.610610610610611e+01   -1.180594132973623e+00    2.649477493816030e-01
 2.618618618618619e+01   -1.159835460715092e+00    3.002616438307259e-01
 2.626626626626627e+01   -1.136699631751921e+00    3.328390974955497e-01
 2.634634634634635e+01   -1.111440453702591e+00    3.623598370688510e-01
 2.642642642642643e+01   -1.084335419939429e+00    3.885213272940964e-01
 2.650650650650651e+01   -1.055682496193234e+00    4.110395454835820e-01
 2.658658658658659e+01   -1.025796446045676e+00    4.296492766377748e-01
 2.666666666666667e+01   -9.950046273293450e-01    4.441038680212060e-01
 2.674674674674675e+01   -9.636421592783807e-01    4.541743822895434e-01
 2.682682682682683e+01   -9.320463151065941e-01    4.596480928486433e-01
 2.690690690690691e+01   -9.005499317857667e-01    4.603262783623853e-01
 2.698698698698699e+01   -8.694735420560062e-01    4.560213028831036e-01
 2.706706706706707e+01   -8.391158158825173e-01    4.465530274485162e-01
 2.714714714714715e+01   -8.097417425447608e-01    4.317447115934914e-01
 2.722722722722723e+01   -7.815677871008000e-01    4.114187690963701e-01
 2.730730730730731e+01   -7.547430266338803e-01    3.853931082859780e-01
 2.738738738738739e+01   -7.293250595944468e-01    3.534794208192111e-01
 2.746746746746747e+01   -7.052494193720171e-01    3.154858445820721e-01
 2.754754754754755e+01   -6.822916321858600e-01    2.712281214187663e-01
 2.762762762762763e+01   -6.600226301604806e-01    2.205558569440536e-01
 2.770770770770771e+01   -6.377622789625238e-01    1.634035472390350e-01
 2.778778778778779e+01   -6.145443614246180e-01    9.987818346402455e-02
 2.786786786786787e+01   -5.891213611632095e-01    3.039198501829855e-02
 2.794794794794795e+01   -5.600564225318244e-01   -4.416917068796884e-02
 2.802802802802803e+01   -5.259568052328690e-01   -1.222945127958763e-01
 2.810810810810811e+01   -4.858609906886809e-01   -2.018281535353371e-01
 2.818818818818819e+01   -4.396711169835163e-01   -2.802107015572646e-01
 2.826826826826827e+01   -3.883899834358148e-01   -3.549925815671814e-01
 2.834834834834835e+01   -3.339589370694052e-01   -4.243998231184648e-01
 2.842842842842843e+01   -2.787574111078627e-01   -4.876382556288689e-01
 2.850850850850851e+01   -2.250571609168999e-01   -5.448139102534819e-01
 2.858858858858859e+01   -1.746802021622907e-01   -5.966124823804797e-01
 2.866866866866867e+01   -1.289039754430132e-01   -6.439550714274294e-01
 2.874874874874875e+01   -8.852291536611499e-02   -6.877534051916602e-01
 2.882882882882883e+01   -5.396496800389876e-02   -7.287809803345761e-01
 2.890890890890891e+01   -2.540377826564936e-02   -7.676278244448149e-01
 2.898898898898899e+01   -2.845315539094431e-03   -8.047020372080969e-01
 2.906906906906907e+01    1.381238135766176e-02   -8.402522664152318e-01
 2.914914914914915e+01    2.474073662752178e-02   -8.743965982189893e-01
 2.922922922922923e+01    3.015702800587844e-02   -9.071509254025977e-01
 2.930930930930931e+01    3.031043745793922e-02   -9.384540658160841e-01
 2.938938938938939e+01    2.547407655797098e-02   -9.681889608720640e-01
 2.946946946946947e+01    1.594054394011936e-02   -9.962001681052486e-01
 2.954954954954955e+01    2.019459384367381e-03   -1.022308166284826e+00
 2.962962962962963e+01   -1.596398860777751e-02   -1.046321035159944e+00
 2.970970970970971e+01   -3.767006335994841e-02   -1.068044012651327e+00
 2.978978978978979e+01   -6.274540945831605e-02   -1.087287343297918e+00
 2.986986986986987e+01   -9.082408162322241e-02   -1.103872744008961e+00
 2.994994994994995e+01   -1.215287705630818e-01   -1.117638737808263e+00
 3.003003003003003e+01   -1.544722661051201e-01   -1.128445045665168e+00
 3.011011011011011e+01   -1.892591628234874e-01   -1.136176179557914e+00
 3.019019019019019e+01   -2.254877920149742e-01   -1.140744344367479e+00
 3.027027027027027e+01   -2.627523509375554e-01   -1.142091729714311e+00
 3.035035035035035e+01   -3.006451924544853e-01   -1.140192253364054e+00
 3.043043043043043e+01   -3.387592335816620e-01   -1.135052803650723e+00
 3.051051051051051e+01   -3.766904386458573e-01   -1.126714018157585e+00
 3.059059059059059e+01   -4.140403310186385e-01   -1.115250628609260e+00
 3.067067067067067e+01   -4.504184861713957e-01   -1.100771396742087e+00
 3.075075075075075e+01   -4.854449577422882e-01   -1.083418662176223e+00
 3.083083083083083e+01   -5.187525871488732e-01   -1.063367520466238e+00
 3.091091091091091e+01   -5.499891457974954e-01   -1.040824647073488e+00
 3.099099099099099e+01   -5.788192569189281e-01   -1.016026780516620e+00
 3.107107107107107e+01   -6.049260412725035e-01   -9.892388749185129e-01
 3.115115115115115e+01   -6.280124271515689e-01   -9.607519279938143e-01
 3.123123123123123e+01   -6.478020599941345e-01   -9.308804844657499e-01
 3.131131131131131e+01   -6.640397401131769e-01   -8.999598059587414e-01
 3.139139139139139e+01   -6.764913082421201e-01   -8.683426851730612e-01
 3.147147147147147e+01   -6.849428873889404e-01   -8.363958625796412e-01
 3.155155155155155e+01   -6.891993756815707e-01   -8.044959750062590e-01
 3.163163163163163e+01   -6.890820686040855e-01   -7.730249229335503e-01
 3.171171171171171e+01   -6.844252712544322e-01   -7.423644805579359e-01
 3.179179179179179e+01   -6.750717448068263e-01   -7.128898800087128e-01
 3.187187187187187e+01   -6.608668227796545e-01   -6.849619641757966e-01
 3.195195195195195e+01   -6.416510460150349e-01   -6.589173004956923e-01
 3.203203203203203e+01   -6.172512292187649e-01   -6.350553512645976e-01
 3.211211211211211e+01   -5.874700438556582e-01   -6.136213658499862e-01
 3.219219219219219e+01   -5.520745942264417e-01   -5.947830536978738e-01
 3.227227227227228e+01   -5.107852896471987e-01   -5.785982908404017e-01
 3.235235235235236e+01   -4.632679702532880e-01   -5.649701771262153e-01
 3.243243243243244e+01   -4.091354083197287e-01   -5.535850645379232e-01
 3.251251251251252e+01   -3.479700012458029e-01   -5.438298836907808e-01
 3.259259259259260e+01   -2.793886802398748e-01   -5.346902320191065e-01
 3.267267267267268e+01   -2.031827295205372e-01   -5.246468207234140e-01
 3.275275275275276e+01   -1.195699765395355e-01   -5.116254739859897e-01
 3.283283283283284e+01   -2.956479117834477e-02   -4.931191707174352e-01
 3.291291291291292e+01    6.464905930162190e-02   -4.666476533908749e-01
 3.299299299299300e+01    1.596619094947411e-01   -4.306083812985354e-01
 3.307307307307308e+01    2.514627727969176e-01   -3.851737844630704e-01
 3.315315315315316e+01    3.366344271801307e-01   -3.325296953593775e-01
 3.323323323323324e+01    4.133418778111869e-01   -2.761319124130933e-01
 3.331331331331332e+01    4.814643729037569e-01   -2.195443385455638e-01
 3.339339339339340e+01    5.420393296431091e-01   -1.656363220013357e-01
 3.347347347347348e+01    5.965871721439996e-01   -1.163618613853506e-01
 3.355355355355356e+01    6.466559597815037e-01   -7.289889514242097e-02
 3.363363363363364e+01    6.936173709223152e-01   -3.589529691467286e-02
 3.371371371371372e+01    7.386288501518654e-01   -5.696718197277862e-03
 3.379379379379380e+01    7.826872890304721e-01    1.746799707473261e-02
 3.387387387387388e+01    8.267494977320994e-01    3.331399112793288e-02
 3.395395395395396e+01    8.719773603594205e-01    4.124531446056176e-02
 3.403403403403404e+01    9.204651228805278e-01    3.960855981974062e-02
 3.411411411411412e+01    9.799752020753101e-01    1.895774453260853e-02
 3.419419419419420e+01    9.423182938933962e-01   -3.503882597105611e-02
 3.427427427427428e+01    8.911540825132587e-01   -4.190774674119001e-02
 3.435435435435436e+01    8.449588839260946e-01   -3.755679016559004e-02
 3.443443443443444e+01    8.005879932858931e-01   -2.483262834412276e-02
 3.451451451451452e+01    7.566473676798628e-01   -4.606486554626382e-03
 3.459459459459460e+01    7.121388720329466e-01    2.275200931824464e-02
 3.467467467467468e+01    6.661009122358109e-01    5.701340847784447e-02
 3.475475475475476e+01    6.174516616902280e-01    9.790020805064945e-02
 3.483483483483484e+01    5.649085889703552e-01    1.449126368876306e-01
 3.491491491491492e+01    5.069824351196636e-01    1.971188983970394e-01
 3.499499499499500e+01    4.421022239501269e-01    2.529085623613715e-01
 3.507507507507508e+01    3.689611004801719e-01    3.097859396428373e-01
 3.515515515515516e+01    2.871218225933344e-01    3.644082688833065e-01
 3.523523523523524e+01    1.976855760351333e-01    4.131426687186147e-01
 3.531531531531532e+01    1.035019391191189e-01    4.531519040965158e-01
 3.539539539539540e+01    8.494112614241000e-03    4.834134368926916e-01
 3.547547547547548e+01   -8.356431726145037e-02    5.048938406185740e-01
 3.555555555555556e+01   -1.699641664362983e-01    5.198345501252464e-01
 3.563563563563564e+01   -2.492509652076316e-01    5.308111102769096e-01
 3.571571571571572e+01   -3.209317011161069e-01    5.401042365984434e-01
 3.579579579579580e+01   -3.850790101503550e-01    5.494596165919696e-01
 3.587587587587588e+01   -4.420273714204794e-01    5.600861313105292e-01
 3.595595595595596e+01   -4.921915309326152e-01    5.727473460840056e-01
 3.603603603603604e+01   -5.359756299192432e-01    5.878677367281087e-01
 3.611611611611612e+01   -5.737364900912438e-01    6.056239466093128e-01
 3.619619619619620e+01   -6.057753378575704e-01    6.260148928861178e-01
 3.627627627627628e+01   -6.323428491476542e-01    6.489131085771338e-01
 3.635635635635636e+01   -6.536494438332595e-01    6.741016948026466e-01
 3.643643643643644e+01   -6.698768155138785e-01    7.013009186008192e-01
 3.651651651651652e+01   -6.811888503275786e-01    7.301875799021476e-01
 3.659659659659660e+01   -6.877411908734350e-01    7.604093937635719e-01
 3.667667667667668e+01   -6.896892363794128e-01    7.915959461668254e-01
 3.675675675675676e+01   -6.871946139525287e-01    8.233672845800671e-01
 3.683683683683684e+01   -6.804302544522256e-01    8.553408584649836e-01
 3.691691691691692e+01   -6.695842357922025e-01    8.871372883191081e-01
 3.699699699699700e+01   -6.548625545035681e-01    9.183852813172609e-01
 3.707707707707708e+01   -6.364909720487233e-01    9.487259029640905e-01
 3.715715715715716e+01   -6.147160646520837e-01    9.778163406152273e-01
 3.723723723723724e+01   -5.898055883321639e-01    1.005333244874702e+00
 3.731731731731732e+01   -5.620482559513004e-01    1.030975701063100e+00
 3.739739739739740e+01   -5.317530108479344e-01    1.054467860018815e+00
 3.747747747747748e+01   -4.992478718650878e-01    1.075561241965111e+00
 3.755755755755756e+01   -4.648784170172878e-01    1.094036716681487e+00
 3.763763763763764e+01   -4.290059672758421e-01    1.109706156126284e+00
 3.771771771771772e+01   -3.920055276435147e-01    1.122413750818676e+00
 3.779779779779780e+01   -3.542635395189979e-01    1.132036977864867e+00
 3.787787787787788e+01   -3.161754960466506e-01    1.138487205865422e+00
 3.795795795795796e+01   -2.781434704706180e-01    1.141709919542368e+00
 3.803803803803804e+01   -2.405736062485816e-01    1.141684544302746e+00
 3.811811811811812e+01   -2.038736166129621e-01    1.138423847638683e+00
 3.819819819819820e+01   -1.684503401515564e-01    1.131972889737500e+00
 3.827827827827828e+01   -1.347073975024990e-01    1.122407489333276e+00
 3.835835835835836e+01   -1.030429919729217e-01    1.109832161925895e+00
 3.843843843843844e+01   -7.384789312390704e-02    1.094377475077527e+00
 3.851851851851852e+01   -4.750363606074075e-02    1.076196748356938e+00
 3.859859859859860e+01   -2.438095864783990e-02    1.055462002097277e+00
 3.867867867867868e+01   -4.838481437186300e-03    1.032359027549908e+00
 3.875875875875876e+01    1.077839358221953e-02    1.007081409004538e+00
 3.883883883883884e+01    2.213843622325067e-02    9.798232736477553e-01
 3.891891891891892e+01    2.892554049708223e-02    9.507704755784302e-01
 3.899899899899900e+01    3.083994698276575e-02    9.200898370106025e-01
 3.907907907907908e+01    2.760020490500491e-02    8.879159789284787e-01
 3.915915915915916e+01    1.894666054628417e-02    8.543351963187268e-01
 3.923923923923924e+01    4.647755308929152e-03    8.193658217938210e-01
 3.931931931931932e+01   -1.548882641061956e-02    7.829346923786573e-01
 3.939939939939940e+01   -4.159702380727393e-02    7.448499289466258e-01
 3.947947947947948e+01   -7.372071258995143e-02    7.047717224210294e-01
 3.955955955955956e+01   -1.117634342840226e-01    6.621860096158906e-01
 3.963963963963964e+01   -1.554131661364422e-01    6.163919921306762e-01
 3.971971971971972e+01   -2.040395024794335e-01    5.665243695550896e-01
 3.979979979979980e+01   -2.565743008437849e-01    5.116433211840457e-01
 3.987987987987988e+01   -3.114175228855678e-01    4.509298932011646e-01
 3.995995995995996e+01   -3.664545733433977e-01    3.839974751617590e-01
 4.004004004004004e+01   -4.192920603121362e-01    3.112449058522143e-01
 4.012012012012012e+01   -4.677395679191906e-01    2.340611896686196e-01
 4.020020020020020e+01   -5.103681225251494e-01    1.546802435220703e-01
 4.028028028028028e+01   -5.468354842369479e-01    7.568894498905901e-02
 4.036036036036036e+01   -5.777985814583122e-01   -5.456595330804079e-04
 4.044044044044044e+01   -6.045278780839316e-01   -7.223993538685010e-02
 4.052052052052052e+01   -6.284798032400098e-01   -1.382673407793632e-01
 4.060060060060060e+01   -6.509970542546033e-01   -1.980438105969442e-01
 4.068068068068068e+01   -6.731647482256095e-01   -2.513565465280699e-01
 4.076076076076076e+01   -6.957768010142786e-01   -2.982137873436348e-01
 4.084084084084084e+01   -7.193592140796428e-01   -3.387392890158145e-01
 4.092092092092092e+01   -7.442141835934658e-01   -3.731078295569488e-01
 4.100100100100100e+01   -7.704663884135788e-01   -4.015101934991461e-01
 4.108108108108108e+01   -7.981038805324530e-01   -4.241368241993905e-01
 4.116116116116116e+01   -8.270116176651294e-01   -4.411723185774505e-01
 4.124124124124124e+01   -8.569980554932852e-01   -4.527957278333054e-01
 4.132132132132132e+01   -8.878159868606238e-01   -4.591836360621492e-01
 4.140140140140140e+01   -9.191788904799516e-01   -4.605142828104733e-01
 4.148148148148148e+01   -9.507738769804971e-01   -4.569717811362359e-01
 4.156156156156156e+01   -9.822720893575279e-01   -4.487499420213790e-01
 4.164164164164164e+01   -1.013337202232164e+00   -4.360554770887598e-01
 4.172172172172172e+01   -1.043632491348584e+00   -4.191104961131333e-01
 4.180180180180180e+01   -1.072826812112827e+00   -3.981542932989617e-01
 4.188188188188188e+01   -1.100599727484614e+00   -3.734444559301789e-01
 4.196196196196196e+01   -1.126645953726954e+00   -3.452573476987320e-01
 4.204204204204204e+01   -1.150679240771094e+00   -3.138880264609422e-01
 4.212212212212212e+01   -1.172435766974789e+00   -2.796496578101746e-01
 4.220220220220220e+01   -1.191677101827989e+00   -2.428724847194588e-01
 4.228228228228228e+01   -1.208192771728733e+00   -2.039024112426465e-01
 4.236236236236236e+01   -1.221802451156193e+00   -1.630992557261392e-01
 4.244244244244244e+01   -1.232357792841924e+00   -1.208347265986638e-01
 4.252252252252252e+01   -1.239743904749555e+00   -7.749017175749838e-02
 4.260260260260260e+01   -1.243880477985945e+00   -3.345415091603566e-02
 4.268268268268268e+01   -1.244722567567420e+00    1.088012098155682e-02
 4.276276276276276e+01   -1.242261026784408e+00    5.511741206252485e-02
 4.284284284284284e+01   -1.236522595377817e+00    9.886314687805607e-02
 4.292292292292292e+01   -1.227569641553325e+00    1.417260683715774e-01
 4.300300300300300e+01   -1.215499557740751e+00    1.833208419531779e-01
 4.308308308308308e+01   -1.200443809686042e+00    2.232705547849189e-01
 4.316316316316316e+01   -1.182566637655888e+00    2.612090626687997e-01
 4.324324324324324e+01   -1.162063406906059e+00    2.967831358619648e-01
 4.332332332332332e+01   -1.139158601701753e+00    3.296543536933442e-01
 4.340340340340340e+01   -1.114103452547553e+00    3.595006960059469e-01
 4.348348348348348e+01   -1.087173179174419e+00    3.860177772219667e-01
 4.356356356356356e+01   -1.058663821273857e+00    4.089196663345349e-01
 4.364364364364364e+01   -1.028888613637102e+00    4.279392336525342e-01
 4.372372372372372e+01   -9.981738404175213e-01    4.428279632686138e-01
 4.380380380380380e+01   -9.668540721636273e-01    4.533551701733891e-01
 4.388388388388388e+01   -9.352666456229349e-01    4.593065649266871e-01
 4.396396396396396e+01   -9.037451854761107e-01    4.604821208721841e-01
 4.404404404404404e+01   -8.726118831658290e-01    4.566932262822650e-01
 4.412412412412412e+01   -8.421681336799876e-01    4.477591592905112e-01
 4.420420420420420e+01   -8.126829792767145e-01    4.335030291652232e-01
 4.428428428428428e+01   -7.843786157868782e-01    4.137475213370729e-01
 4.436436436436436e+01   -7.574119906768570e-01    3.883111291693490e-01
 4.444444444444444e+01   -7.318513042291824e-01    3.570061553834589e-01
 4.452452452452452e+01   -7.076461373349073e-01    3.196407752413869e-01
 4.460460460460460e+01   -6.845902668384880e-01    2.760290746228120e-01
 4.468468468468468e+01   -6.622776341725918e-01    2.260153812203432e-01
 4.476476476476476e+01   -6.400556460493175e-01    1.695222422325315e-01
 4.484484484484484e+01   -6.169879997384874e-01    1.066337781773998e-01
 4.492492492492492e+01   -5.918535545295638e-01    3.772377259988140e-02
 4.500500500500500e+01   -5.632268031528230e-01   -3.637807407022568e-02
 4.508508508508508e+01   -5.296950411091160e-01   -1.142289399333541e-01
 4.516516516516516e+01   -4.902321837238088e-01   -1.937327808400215e-01
 4.524524524524524e+01   -4.446360505509716e-01   -2.723514239788636e-01
 4.532532532532532e+01   -3.937973767340108e-01   -3.475964298478183e-01
 4.540540540540540e+01   -3.395810387077214e-01   -4.176046756826132e-01
 4.548548548548548e+01   -2.843486365305785e-01   -4.814798079253002e-01
 4.556556556556556e+01   -2.304030125450489e-01   -5.392486219178859e-01
 4.564564564564564e+01   -1.796199922641650e-01   -5.915545188173080e-01
 4.572572572572572e+01   -1.333313972028752e-01   -6.393078869885251e-01
 4.580580580580580e+01   -9.237583836345115e-02   -6.834290636296355e-01
 4.588588588588588e+01   -5.721313152956157e-02   -7.247087848287646e-01
 4.596596596596596e+01   -2.803838930551736e-02   -7.637562385963306e-01
 4.604604604604604e+01   -4.871515931477397e-03   -8.009972368416702e-01
 4.612612612612612e+01    1.238051649460475e-02   -8.366953857632663e-01
 4.620620620620620e+01    2.388333768393505e-02   -8.709807364276355e-01
 4.628628628628628e+01    2.985031966594851e-02   -9.038783806242550e-01
 4.636636636636636e+01    3.052783585262883e-02   -9.353339537126901e-01
 4.644644644644644e+01    2.618680736916024e-02   -9.652352315219753e-01
 4.652652652652652e+01    1.711798405327117e-02   -9.934299790894364e-01
 4.660660660660660e+01    3.629329209243973e-03   -1.019740554391271e+00
 4.668668668668668e+01   -1.395550438334960e-02   -1.043975831197496e+00
 4.676676676676676e+01   -3.529822024219437e-02   -1.065940952054494e+00
 4.684684684684684e+01   -6.004680620601572e-02   -1.085445334526890e+00
 4.692692692692692e+01   -8.783654749052852e-02   -1.102309265216503e+00
 4.700700700700700e+01   -1.182912298781505e-01   -1.116369339248603e+00
 4.708708708708708e+01   -1.510245779753988e-01   -1.127482940836764e+00
 4.716716716716716e+01   -1.856419365933617e-01   -1.135531912293534e+00
 4.724724724724724e+01   -2.217421808235860e-01   -1.140425522254667e+00
 4.732732732732732e+01   -2.589198267632320e-01   -1.142102816576028e+00
 4.740740740740740e+01   -2.967673066541818e-01   -1.140534415246405e+00
 4.748748748748748e+01   -3.348773673053579e-01   -1.135723804007703e+00
 4.756756756756756e+01   -3.728455477313848e-01   -1.127708158813665e+00
 4.764764764764764e+01   -4.102726901188665e-01   -1.116558733714673e+00
 4.772772772772772e+01   -4.467674369773022e-01   -1.102380837388156e+00
 4.780780780780781e+01   -4.819486662736032e-01   -1.085313419669936e+00
 4.788788788788789e+01   -5.154478152131767e-01   -1.065528286526586e+00
 4.796796796796797e+01   -5.469110418907656e-01   -1.043228959454579e+00
 4.804804804804805e+01   -5.760011720775553e-01   -1.018649192832328e+00
 4.812812812812813e+01   -6.023993757129467e-01   -9.920511597941369e-01
 4.820820820820821e+01   -6.258065139769942e-01   -9.637233131674312e-01
 4.828828828828829e+01   -6.459440928399174e-01   -9.339779221914509e-01
 4.836836836836837e+01   -6.625547523815052e-01   -9.031482771439633e-01
 4.844844844844845e+01   -6.754022125781061e-01   -8.715855412805220e-01
 4.852852852852853e+01   -6.842705853094427e-01   -8.396552106843944e-01
 4.860860860860861e+01   -6.889629487951491e-01   -8.077331148779850e-01
 4.868868868868869e+01   -6.892990646143352e-01   -7.762008501439044e-01
 4.876876876876877e+01   -6.851120997574648e-01   -7.454404771816289e-01
 4.884884884884885e+01   -6.762441993625753e-01   -7.158282256681251e-01
 4.892892892892893e+01   -6.625407459307163e-01   -6.877268166995814e-01
 4.900900900900901e+01   -6.438431509041243e-01   -6.614758198151923e-01
 4.908908908908909e+01   -6.199800812852881e-01   -6.373791757983016e-01
 4.916916916916917e+01   -5.907571809958310e-01   -6.156886018328023e-01
 4.924924924924925e+01   -5.559457087091320e-01   -5.965810088202317e-01
 4.932932932932933e+01   -5.152712815350877e-01   -5.801272741770710e-01
 4.940940940940941e+01   -4.684054586389185e-01   -5.662487819036464e-01
 4.948948948948949e+01   -4.149658679500025e-01   -5.546573867435095e-01
 4.956956956956957e+01   -3.545359626037030e-01   -5.447749277103362e-01
 4.964964964964965e+01   -2.867243274768949e-01   -5.356328746023196e-01
 4.972972972972973e+01   -2.112950844279742e-01   -5.257672709247209e-01
 4.980980980980981e+01   -1.284073263879910e-01   -5.131590637804684e-01
 4.988988988988989e+01   -3.897542345609140e-02   -4.953312255361351e-01
 4.996996996996997e+01    5.494732476264026e-02   -4.697674266440025e-01
 5.005005005005005e+01    1.500607142777390e-01   -4.347302404496616e-01
 5.013013013013013e+01    2.423653223136376e-01   -3.901838090052995e-01
 5.021021021021021e+01    3.283272461877655e-01   -3.381281703753881e-01
 5.029029029029029e+01    4.059284111667111e-01   -2.819431598500555e-01
 5.037037037037037e+01    4.748918355100635e-01   -2.252284671552309e-01
 5.045045045045045e+01    5.361698061028400e-01   -1.709430345235391e-01
 5.053053053053053e+01    5.912590497559438e-01   -1.211314150887228e-01
 5.061061061061061e+01    6.417177874435988e-01   -7.703972051078548e-02
 5.069069069069069e+01    6.889394615688272e-01   -3.935867192375217e-02
 5.077077077077077e+01    7.341020375497557e-01   -8.455615859141414e-03
 5.085085085085085e+01    7.782144604049629e-01    1.543638367211769e-02
 5.093093093093093e+01    8.222295974216747e-01    3.204714409091770e-02
 5.101101101101101e+01    8.672694281523696e-01    4.083127947902153e-02
 5.109109109109109e+01    9.152598388979049e-01    4.032234459177646e-02
 5.117117117117117e+01    9.725863683074218e-01    2.338164423467077e-02
 5.125125125125125e+01    9.481312664993391e-01   -3.335369792353044e-02
 5.133133133133133e+01    8.960529063529457e-01   -4.180807555573511e-02
 5.141141141141141e+01    8.495515929631801e-01   -3.840589434316954e-02
 5.149149149149149e+01    8.050708302211944e-01   -2.648099718011770e-02
 5.157157157157157e+01    7.611346924045762e-01   -6.997848093954636e-03
 5.165165165165165e+01    7.167270925442241e-01    1.964511053000802e-02
 5.173173173173173e+01    6.708916145323213e-01    5.321375037659265e-02
 5.181181181181181e+01    6.225633984183876e-01    9.344310890512858e-02
 5.189189189189189e+01    5.704821753101850e-01    1.398648774477569e-01
 5.197197197197197e+01    5.131769039467615e-01    1.916022019741851e-01
 5.205205205205205e+01    4.490735408256429e-01    2.471250766340521e-01
 5.213213213213213e+01    3.768145638023914e-01    3.040326460355630e-01
 5.221221221221221e+01    2.958413311390503e-01    3.590534636841003e-01
 5.229229229229230e+01    2.070759622835488e-01    4.085408151382833e-01
 5.237237237237238e+01    1.132053996353029e-01    4.495214251415008e-01
 5.245245245245246e+01    1.809688206996227e-02    4.807618495769898e-01
 5.253253253253254e+01   -7.440769391026875e-02    5.030479498395498e-01
 5.261261261261262e+01   -1.614702340408008e-01    5.185363817518985e-01
 5.269269269269270e+01   -2.415171540931264e-01    5.298046097914615e-01
 5.277277277277278e+01   -3.139761536516176e-01    5.391799542389182e-01
 5.285285285285286e+01   -3.788782831532624e-01    5.484653286725693e-01
 5.293293293293294e+01   -4.365415248197896e-01    5.589208483405619e-01
 5.301301301301302e+01   -4.873778065737649e-01    5.713504858717100e-01
 5.309309309309310e+01   -5.317946923750005e-01    5.862087442170850e-01
 5.317317317317318e+01   -5.701545303286980e-01    6.036939612834529e-01
 5.325325325325326e+01   -6.027641215598040e-01    6.238205329288862e-01
 5.333333333333334e+01   -6.298788676662269e-01    6.464719725772433e-01
 5.341341341341342e+01   -6.517127635373995e-01    6.714391313884834e-01
 5.349349349349350e+01   -6.684499114395829e-01    6.984476921244027e-01
 5.357357357357358e+01   -6.802555488354486e-01    7.271781567285338e-01
 5.365365365365366e+01   -6.872857658835898e-01    7.572806552326881e-01
 5.373373373373374e+01   -6.896956659130007e-01    7.883861951292658e-01
 5.381381381381382e+01   -6.876459872562456e-01    8.201154553983613e-01
 5.389389389389390e+01   -6.813083139911904e-01    8.520858699747332e-01
 5.397397397397398e+01   -6.708690372874105e-01    8.839174993867258e-01
 5.405405405405406e+01   -6.565322291721603e-01    9.152380222733666e-01
 5.413413413413414e+01   -6.385215769206321e-01    9.456870654238796e-01
 5.421421421421422e+01   -6.170815086547976e-01    9.749200144501960e-01
 5.429429429429430e+01   -5.924776234883006e-01    1.002611395340336e+00
 5.437437437437438e+01   -5.649965244297982e-01    1.028457881963700e+00
 5.445445445445446e+01   -5.349451397390831e-01    1.052180960740597e+00
 5.453453453453454e+01   -5.026496084372331e-01    1.073529267527894e+00
 5.461461461461462e+01   -4.684537978953593e-01    1.092280600850092e+00
 5.469469469469470e+01   -4.327175154967357e-01    1.108243608226035e+00
 5.477477477477478e+01   -3.958144719253022e-01    1.121259137315586e+00
 5.485485485485486e+01   -3.581300503600873e-01    1.131201240074981e+00
 5.493493493493494e+01   -3.200589334733035e-01    1.137977815408067e+00
 5.501501501501502e+01   -2.820026383995751e-01    1.141530873399037e+00
 5.509509509509510e+01   -2.443670085475840e-01    1.141836401634378e+00
 5.517517517517518e+01   -2.075597100484030e-01    1.138903810898400e+00
 5.525525525525526e+01   -1.719877795366578e-01    1.132774933149304e+00
 5.533533533533534e+01   -1.380552685380203e-01    1.123522538557088e+00
 5.541541541541542e+01   -1.061610275593968e-01    1.111248329779979e+00
 5.549549549549550e+01   -7.669666940272994e-02    1.096080359648318e+00
 5.557557557557558e+01   -5.004474524216411e-02    1.078169801831269e+00
 5.565565565565566e+01   -2.657715701665962e-02    1.057686981376733e+00
 5.573573573573574e+01   -6.653813128539142e-03    1.034816541363587e+00
 5.581581581581582e+01    9.378492831226276e-03    1.009751581065487e+00
 5.589589589589590e+01    2.118704524232033e-02    9.826865476302373e-01
 5.597597597597598e+01    2.845414908811837e-02    9.538085954443237e-01
 5.605605605605606e+01    3.087830740144853e-02    9.232870452390840e-01
 5.613613613613614e+01    2.817607844201135e-02    8.912604843570354e-01
 5.621621621621622e+01    2.008535990874707e-02    8.578209693975397e-01
 5.629629629629630e+01    6.371322429849512e-03    8.229947705611225e-01
 5.637637637637638e+01   -1.316305905883854e-02    7.867192410972295e-01
 5.645645645645646e+01   -3.865886876064275e-02    7.488159302087737e-01
 5.653653653653654e+01   -7.017109690131208e-02    7.089614211755979e-01
 5.661661661661662e+01   -1.076205677781969e-01    6.666603424277130e-01
 5.669669669669670e+01   -1.507214916728470e-01    6.212307182463336e-01
 5.677677677677678e+01   -1.988812974788764e-01    5.718213493023826e-01
 5.685685685685686e+01   -2.510817269898875e-01    5.174930968276191e-01
 5.693693693693694e+01   -3.057789246680571e-01    4.574021800513448e-01
 5.701701701701702e+01   -3.609043458345190e-01    3.911012950047168e-01
 5.709709709709710e+01   -4.140745249206782e-01    3.188954538510829e-01
 5.717717717717718e+01   -4.630517407997872e-01    2.420725079492617e-01
 5.725725725725726e+01   -5.063082392229258e-01    1.627983968704393e-01
 5.733733733733734e+01   -5.433880547065315e-01    8.365164070209009e-02
 5.741741741741742e+01   -5.748609264256926e-01    7.043334745902734e-03
 5.749749749749750e+01   -6.019555167067538e-01   -6.517562889828982e-02
 5.757757757757758e+01   -6.261257792754574e-01   -1.318149793144502e-01
 5.765765765765766e+01   -6.487349463297969e-01   -1.922430798889778e-01
 5.773773773773774e+01   -6.708973097135211e-01   -2.462168429867651e-01
 5.781781781781782e+01   -6.934359988483527e-01   -2.937275772332011e-01
 5.789789789789790e+01   -7.169024550141034e-01   -3.348908169174173e-01
 5.797797797797798e+01   -7.416195165234569e-01   -3.698781405083583e-01
 5.805805805805806e+01   -7.677279659540819e-01   -3.988796887975367e-01
 5.813813813813814e+01   -7.952281219383822e-01   -4.220863251102456e-01
 5.821821821821822e+01   -8.240141254557463e-01   -4.396832963023971e-01
 5.829829829829830e+01   -8.539011903476253e-01   -4.518501075927360e-01
 5.837837837837838e+01   -8.846469693826349e-01   -4.587634142981282e-01
 5.845845845845846e+01   -9.159683070797798e-01   -4.606010913922484e-01
 5.853853853853854e+01   -9.475544894757929e-01   -4.575464699510731e-01
 5.861861861861862e+01   -9.790778712607268e-01   -4.497922153218694e-01
 5.869869869869870e+01   -1.010202544672858e+00   -4.375435987565662e-01
 5.877877877877878e+01   -1.040591537289857e+00   -4.210210679708957e-01
 5.885885885885886e+01   -1.069912889349455e+00   -4.004621048068680e-01
 5.893893893893894e+01   -1.097844859606140e+00   -3.761224007343463e-01
 5.901901901901902e+01   -1.124080434528067e+00   -3.482764012279712e-01
 5.909909909909910e+01   -1.148331262112122e+00   -3.172172783426193e-01
 5.917917917917918e+01   -1.170331093313832e+00   -2.832563928724705e-01
 5.925925925925926e+01   -1.189838786919994e+00   -2.467223065342008e-01
 5.933933933933934e+01   -1.206640914576770e+00   -2.079594024159806e-01
 5.941941941941942e+01   -1.220553989395917e+00   -1.673261694003650e-01
 5.949949949949950e+01   -1.231426332479152e+00   -1.251932038579338e-01
 5.957957957957958e+01   -1.239139585653047e+00   -8.194097982101359e-02
 5.965965965965966e+01   -1.243609874836432e+00   -3.795743715246356e-02
 5.973973973973974e+01   -1.244788626134693e+00    6.364564073904148e-03
 5.981981981981982e+01   -1.242663035489490e+00    5.062987569067083e-02
 5.989989989989990e+01   -1.237256192130928e+00    9.444373334433641e-02
 5.997997997997998e+01   -1.228626855870113e+00    1.374144217490465e-01
 6.006006006006006e+01   -1.216868888156264e+00    1.791558867986950e-01
 6.014014014014014e+01   -1.202110336536010e+00    2.192902476962089e-01
 6.022022022022022e+01   -1.184512171409069e+00    2.574501615803120e-01
 6.030030030030030e+01   -1.164266672446576e+00    2.932809921003859e-01
 6.038038038038038e+01   -1.141595459323391e+00    3.264427319798407e-01
 6.046046046046046e+01   -1.116747156994432e+00    3.566116277990867e-01
 6.054054054054054e+01   -1.089994678927010e+00    3.834814530375055e-01
 6.062062062062062e+01   -1.061632101549172e+00    4.067643729385161e-01
 6.070070070070070e+01   -1.031971088402901e+00    4.261913422619984e-01
 6.078078078078078e+01   -1.001336801327352e+00    4.415119750269607e-01
 6.086086086086086e+01   -9.700632059981504e-01    4.524938250358549e-01
 6.094094094094094e+01   -9.384876369739787e-01    4.589210194018888e-01
 6.102102102102102e+01   -9.069444285643302e-01    4.605921982876948e-01
 6.110110110110110e+01   -8.757573365102647e-01    4.573177394347876e-01
 6.118118118118118e+01   -8.452303646032508e-01    4.489162978553258e-01
 6.126126126126126e+01   -8.156364626075066e-01    4.352107902247490e-01
 6.134134134134134e+01   -7.872033726649087e-01    4.160241359990280e-01
 6.142142142142142e+01   -7.600956771905700e-01    3.911753934593447e-01
 6.150150150150150e+01   -7.343918788898572e-01    3.604774967287966e-01
 6.158158158158158e+01   -7.100552328807855e-01    3.237387585488096e-01
 6.166166166166166e+01   -6.868973232254540e-01    2.807718525624043e-01
 6.174174174174174e+01   -6.645346275328939e-01    2.314163114322288e-01
 6.182182182182182e+01   -6.423417116401002e-01    1.755835778936373e-01
 6.190190190190190e+01   -6.194121649880189e-01    1.133362118730799e-01
 6.198198198198198e+01   -5.945520333171941e-01    4.501128605175446e-02
 6.206206206206206e+01   -5.663494003714943e-01   -2.861600624150274e-02
 6.214214214214214e+01   -5.333755396948869e-01   -1.061703176908971e-01
 6.222222222222222e+01   -4.945445011889603e-01   -1.856176670459000e-01
 6.230230230230230e+01   -4.495527003798688e-01   -2.644464297090335e-01
 6.238238238238238e+01   -3.991774287594754e-01   -3.401355761770684e-01
 6.246246246246246e+01   -3.452017540806864e-01   -4.107364433170268e-01
 6.254254254254254e+01   -2.899633777277113e-01   -4.752498027811040e-01
 6.262262262262262e+01   -2.357923702415084e-01   -5.336197218047001e-01
 6.270270270270270e+01   -1.846172831545465e-01   -5.864434945562422e-01
 6.278278278278278e+01   -1.378249938777464e-01   -6.346180837089070e-01
 6.286286286286286e+01   -9.629957894744354e-02   -6.790710095715754e-01
 6.294294294294294e+01   -6.053396420261388e-02   -7.206097475928552e-01
 6.302302302302302e+01   -3.074568690843577e-02   -7.598626622096256e-01
 6.310310310310310e+01   -6.969246224275065e-03   -7.972735238362193e-01
 6.318318318318318e+01    1.087902702487433e-02   -8.331212137999258e-01
 6.326326326326326e+01    2.295870642388119e-02   -8.675480590938895e-01
 6.334334334334334e+01    2.947910329426191e-02   -9.005886259014270e-01
 6.342342342342342e+01    3.068369361538272e-02   -9.321955994926955e-01
 6.350350350350350e+01    2.684115844818486e-02   -9.622617818539937e-01
 6.358358358358358e+01    1.824037135776630e-02   -9.906383022750481e-01
 6.366366366366366e+01    5.187623207484858e-03   -1.017149525854653e+00
 6.374374374374374e+01   -1.199497983935554e-02   -1.041605224981720e+00
 6.382382382382382e+01   -3.297059111156479e-02   -1.063810532657146e+00
 6.390390390390390e+01   -5.738855218079827e-02   -1.083574110121979e+00
 6.398398398398398e+01   -8.488539121725186e-02   -1.100714871910588e+00
 6.406406406406407e+01   -1.150860039982413e-01   -1.115067533182794e+00
 6.414414414414415e+01   -1.476050673870642e-01   -1.126487180611362e+00
 6.422422422422423e+01   -1.820486963236565e-01   -1.134853018537950e+00
 6.430430430430431e+01   -2.180163317148222e-01   -1.140071404433813e+00
 6.438438438438439e+01   -2.551028322739164e-01   -1.142078259547684e+00
 6.446446446446447e+01   -2.929007347316447e-01   -1.140840919859414e+00
 6.454454454454455e+01   -3.310026416797399e-01   -1.136359477317580e+00
 6.462462462462463e+01   -3.690036932183320e-01   -1.128667650415394e+00
 6.470470470470471e+01   -4.065040766710952e-01   -1.117833215350034e+00
 6.478478478478479e+01   -4.431115273393275e-01   -1.103958023453761e+00
 6.486486486486487e+01   -4.784437722017595e-01   -1.087177626594685e+00
 6.494494494494495e+01   -5.121308673496339e-01   -1.067660529256145e+00
 6.502502502502503e+01   -5.438173785475943e-01   -1.045607083523825e+00
 6.510510510510511e+01   -5.731643524169289e-01   -1.021248040772343e+00
 6.518518518518519e+01   -5.998510231262343e-01   -9.948427709612835e-01
 6.526526526526527e+01   -6.235761958962993e-01   -9.666771565622839e-01
 6.534534534534535e+01   -6.440592437924546e-01   -9.370611625385078e-01
 6.542542542542543e+01   -6.610406478562572e-01   -9.063260755432900e-01
 6.550550550550551e+01   -6.742820022534846e-01   -8.748213932820414e-01
 6.558558558558559e+01   -6.835653954240806e-01   -8.429113269089006e-01
 6.566566566566567e+01   -6.886920649464381e-01   -8.109708526607808e-01
 6.574574574574575e+01   -6.894802080066763e-01   -7.793812096176448e-01
 6.582582582582583e+01   -6.857618117487723e-01   -7.485246825036243e-01
 6.590590590590591e+01   -6.773783506930543e-01   -7.187784228628715e-01
 6.598598598598599e+01   -6.641751874045905e-01   -6.905069354941478e-01
 6.606606606606607e+01   -6.459945197254522e-01   -6.640526703027497e-01
 6.614614614614615e+01   -6.226667680527923e-01   -6.397238851186230e-01
 6.622622622622623e+01   -5.940004392633177e-01   -6.177785455561249e-01
 6.630630630630631e+01   -5.597708378888908e-01   -5.984024606160845e-01
 6.638638638638639e+01   -5.197087080018805e-01   -5.816790864082836e-01
 6.646646646646647e+01   -4.734913305218543e-01   -5.675475057808985e-01
 6.654654654654655e+01   -4.207413845304659e-01   -5.557442885094680e-01
 6.662662662662663e+01   -3.610439653259784e-01   -5.457251937108157e-01
 6.670670670670671e+01   -2.940006084566514e-01   -5.365665175934988e-01
 6.678678678678679e+01   -2.193506818184826e-01   -5.268590239206822e-01
 6.686686686686687e+01   -1.371982357527236e-01   -5.146397393289637e-01
 6.694694694694695e+01   -4.836168880735915e-02   -4.974659316508566e-01
 6.702702702702703e+01    4.523487799442889e-02   -4.727938736792871e-01
 6.710710710710711e+01    1.404066308826375e-01   -4.387612776690583e-01
 6.718718718718719e+01    2.331786128338176e-01   -3.951275063279998e-01
 6.726726726726727e+01    3.199116947725736e-01   -3.436990711038613e-01
 6.734734734734735e+01    3.984065644789199e-01   -2.877667677777710e-01
 6.742742742742743e+01    4.682237669677553e-01   -2.309569243178853e-01
 6.750750750750751e+01    5.302227939889063e-01   -1.763156137745796e-01
 6.758758758758759e+01    5.858715404071628e-01   -1.259795660289083e-01
 6.766766766766767e+01    6.367361045468888e-01   -8.126584435871449e-02
 6.774774774774775e+01    6.842312561694741e-01   -4.291053934667979e-02
 6.782782782782783e+01    7.295560243773926e-01   -1.130467689716569e-02
 6.790790790790791e+01    7.737325893632530e-01    1.331274187467784e-02
 6.798798798798799e+01    8.177120856231396e-01    3.068398696313850e-02
 6.806806806806807e+01    8.625822505381967e-01    4.030881955921795e-02
 6.814814814814815e+01    9.101252720123653e-01    4.088083186425211e-02
 6.822822822822823e+01    9.657016286593780e-01    2.675367716206737e-02
 6.830830830830831e+01    9.541162897608880e-01   -3.136207098604930e-02
 6.838838838838839e+01    9.009776048340197e-01   -4.156576735663516e-02
 6.846846846846847e+01    8.541395896483397e-01   -3.912810184595213e-02
 6.854854854854855e+01    8.095359359726889e-01   -2.800156006398446e-02
 6.862862862862863e+01    7.655958860141755e-01   -9.256555811036798e-03
 6.870870870870871e+01    7.212815717252984e-01    1.667611217263400e-02
 6.878878878878879e+01    6.756400305588867e-01    4.955561757876285e-02
 6.886886886886887e+01    6.276225132835217e-01    8.912753606454689e-02
 6.894894894894895e+01    5.759910481516303e-01    1.349525470761549e-01
 6.902902902902903e+01    5.192944112848701e-01    1.862057886212370e-01
 6.910910910910911e+01    4.559597774433367e-01    2.414351026607453e-01
 6.918918918918919e+01    3.845866527271963e-01    2.983346668120329e-01
 6.926926926926927e+01    3.045042053473841e-01    3.537109912878585e-01
 6.934934934934935e+01    2.164597736168103e-01    4.039177978448799e-01
 6.942942942942943e+01    1.229702644961902e-01    4.458609015686716e-01
 6.950950950950951e+01    2.783056052418015e-02    4.781007635390050e-01
 6.958958958958959e+01   -6.506309440581169e-02    5.012344750191672e-01
 6.966966966966967e+01   -1.527482834323459e-01    5.173211351189076e-01
 6.974974974974975e+01   -2.335297487317378e-01    5.289304289464287e-01
 6.982982982982983e+01   -3.067511062053438e-01    5.384315076875954e-01
 6.990990990990991e+01   -3.723976380763979e-01    5.476831604143317e-01
 6.998998998998999e+01   -4.307679874786785e-01    5.579970341047229e-01
 7.007007007007007e+01   -4.822695715645582e-01    5.702183707832060e-01
 7.015015015015015e+01   -5.273124627492166e-01    5.848326314489213e-01
 7.023023023023023e+01   -5.662640966779811e-01    6.020606710154368e-01
 7.031031031031031e+01   -5.994366852543717e-01    6.219330401843349e-01
 7.039039039039039e+01   -6.270903448562772e-01    6.443447756104221e-01
 7.047047047047047e+01   -6.494427161773222e-01    6.690949144144404e-01
 7.055055055055055e+01   -6.666804214183217e-01    6.959149100618335e-01
 7.063063063063063e+01   -6.789701774172643e-01    7.244892619705808e-01
 7.071071071071071e+01   -6.864686530573565e-01    7.544707675275408e-01
 7.079079079079079e+01   -6.893307821235500e-01    7.854920771947151e-01
 7.087087087087087e+01   -6.877165310996838e-01    8.171747008062288e-01
 7.095095095095095e+01   -6.817962420789516e-01    8.491362402687272e-01
 7.103103103103103e+01   -6.717547105848860e-01    8.809963681958149e-01
 7.111111111111111e+01   -6.577941606480763e-01    9.123818983220398e-01
 7.119119119119119e+01   -6.401362667997651e-01    9.429311759415995e-01
 7.127127127127127e+01   -6.190233552359128e-01    9.722979370079083e-01
 7.135135135135135e+01   -5.947188990567890e-01    1.000154730583882e+00
 7.143143143143143e+01   -5.675074071412514e-01    1.026195962742164e+00
 7.151151151151151e+01   -5.376937934510927e-01    1.050140595192967e+00
 7.159159159159159e+01   -5.056023033374054e-01    1.071734515100725e+00
 7.167167167167167e+01   -4.715750654453118e-01    1.090752581181968e+00
 7.175175175175175e+01   -4.359703317193116e-01    1.107000343497919e+00
 7.183183183183183e+01   -3.991604634383068e-01    1.120315429134279e+00
 7.191191191191191e+01   -3.615297178335107e-01    1.130568582307730e+00
 7.199199199199199e+01   -3.234718873838098e-01    1.137664344681428e+00
 7.207207207207207e+01   -2.853878420989097e-01    1.141541359266872e+00
 7.215215215215215e+01   -2.476830237723858e-01    1.142172278758141e+00
 7.223223223223223e+01   -2.107649401007394e-01    1.139563256019295e+00
 7.231231231231232e+01   -1.750407054861344e-01    1.133752990225322e+00
 7.239239239239240e+01   -1.409146739755890e-01    1.124811296259151e+00
 7.247247247247248e+01   -1.087862077260877e-01    1.112837156679383e+00
 7.255255255255256e+01   -7.904762101052616e-02    1.097956203995933e+00
 7.263263263263264e+01   -5.208233413520945e-02    1.080317564973210e+00
 7.271271271271272e+01   -2.826326220726900e-02    1.060089976756019e+00
 7.279279279279280e+01   -7.951448034192656e-03    1.037457054949289e+00
 7.287287287287288e+01    8.505077363057697e-03    1.012611554190640e+00
 7.295295295295296e+01    2.077226539885129e-02    9.857484098649805e-01
 7.303303303303304e+01    2.853097936074894e-02    9.570562834342852e-01
 7.311311311311312e+01    3.147812188440877e-02    9.267072532055938e-01
 7.319319319319320e+01    2.932837957291257e-02    8.948442021017934e-01
 7.327327327327328e+01    2.181729110860016e-02    8.615653710647413e-01
 7.335335335335336e+01    8.706797306554529e-03    8.269055146181524e-01
 7.343343343343344e+01   -1.020487445365995e-02    7.908132126838832e-01
 7.351351351351352e+01   -3.506612057693183e-02    7.531243679007288e-01
 7.359359359359360e+01   -6.594342574488760e-02    7.135331583714697e-01
 7.367367367367368e+01   -1.027756312515656e-01    6.715644527696844e-01
 7.375375375375376e+01   -1.453045077597705e-01    6.265570429831185e-01
 7.383383383383384e+01   -1.929776269924886e-01    5.776761284781617e-01
 7.391391391391392e+01   -2.448304631464312e-01    5.239855832057795e-01
 7.399399399399400e+01   -2.993813029358497e-01    4.646182328274885e-01
 7.407407407407408e+01   -3.546156705698726e-01    3.990647608708610e-01
 7.415415415415416e+01   -4.081682407392050e-01    3.275299484279477e-01
 7.423423423423424e+01   -4.577581787884728e-01    2.511882926004602e-01
 7.431431431431432e+01   -5.017548978839308e-01    1.721231494156730e-01
 7.439439439439440e+01   -5.395765380020670e-01    9.289400529289389e-02
 7.447447447447448e+01   -5.716905875215013e-01    1.595339206602143e-02
 7.455455455455456e+01   -5.992717847588397e-01   -5.677609042340100e-02
 7.463463463463464e+01   -6.237649185982631e-01   -1.240327998737868e-01
 7.471471471471472e+01   -6.465518033404402e-01   -1.851300154379286e-01
 7.479479479479480e+01   -6.687768423533766e-01   -2.397885144386633e-01
 7.487487487487488e+01   -6.912946055123467e-01   -2.879787120165118e-01
 7.495495495495496e+01   -7.146845133143342e-01   -3.298054873251295e-01
 7.503503503503504e+01   -7.392924248495801e-01   -3.654358581585367e-01
 7.511511511511512e+01   -7.652772707266483e-01   -3.950586506658149e-01
 7.519519519519520e+01   -7.926533206717004e-01   -4.188648957720560e-01
 7.527527527527528e+01   -8.213252591653945e-01   -4.370404781392508e-01
 7.535535535535536e+01   -8.511161480768430e-01   -4.497654734059700e-01
 7.543543543543544e+01   -8.817893729361643e-01   -4.572167851844965e-01
 7.551551551551552e+01   -9.130658459137023e-01   -4.595721214458354e-01
 7.559559559559560e+01   -9.446375966034141e-01   -4.570142262285616e-01
 7.567567567567568e+01   -9.761786550727456e-01   -4.497347987843771e-01
 7.575575575575576e+01   -1.007353912888043e+00   -4.379378275416730e-01
 7.583583583583584e+01   -1.037826466343810e+00   -4.218422307881604e-01
 7.591591591591592e+01   -1.067263805565882e+00   -4.016837849209264e-01
 7.599599599599600e+01   -1.095343108171995e+00   -3.777163672066732e-01
 7.607607607607608e+01   -1.121755819363589e+00   -3.502125622646014e-01
 7.615615615615616e+01   -1.146211644840403e+00   -3.194636908403055e-01
 7.623623623623624e+01   -1.168442043206883e+00   -2.857793220581453e-01
 7.631631631631632e+01   -1.188203276318348e+00   -2.494863296658288e-01
 7.639639639639640e+01   -1.205279056135043e+00   -2.109275506996358e-01
 7.647647647647648e+01   -1.219482812807589e+00   -1.704601024951452e-01
 7.655655655655656e+01   -1.230659599233269e+00   -1.284534115451106e-01
 7.663663663663664e+01   -1.238687640985622e+00   -8.528700558721226e-02
 7.671671671671672e+01   -1.243479536442905e+00   -4.134811857147883e-02
 7.679679679679680e+01   -1.244983109469081e+00    2.970843181169372e-03
 7.687687687687688e+01   -1.243181915639381e+00    4.727492628269564e-02
 7.695695695695696e+01   -1.238095402364422e+00    9.116930031794836e-02
 7.703703703703704e+01   -1.229778723035381e+00    1.342619261950724e-01
 7.711711711711712e+01   -1.218322205208578e+00    1.761661763737013e-01
 7.719719719719720e+01   -1.203850472603997e+00    2.165033602236746e-01
 7.727727727727728e+01   -1.186521220028620e+00    2.549051071301039e-01
 7.735735735735736e+01   -1.166523638932049e+00    2.910155589758806e-01
 7.743743743743744e+01   -1.144076488768348e+00    3.244933222701396e-01
 7.751751751751752e+01   -1.119425805172991e+00    3.550131284289744e-01
 7.759759759759760e+01   -1.092842229502816e+00    3.822671485624762e-01
 7.767767767767768e+01   -1.064617934629929e+00    4.059659066635465e-01
 7.775775775775776e+01   -1.035063107794146e+00    4.258387325600875e-01
 7.783783783783784e+01   -1.004501931101657e+00    4.416336938947714e-01
 7.791791791791792e+01   -9.732679715655348e-01    4.531169457553649e-01
 7.799799799799800e+01   -9.416988522055274e-01    4.600714393239331e-01
 7.807807807807808e+01   -9.101300193348383e-01    4.622949405783213e-01
 7.815815815815816e+01   -8.788873431141251e-01    4.595973330015998e-01
 7.823823823823824e+01   -8.482781818224319e-01    4.517972256284360e-01
 7.831831831831832e+01   -8.185803976635433e-01    4.387179791025110e-01
 7.839839839839840e+01   -7.900286280981467e-01    4.201834312921514e-01
 7.847847847847848e+01   -7.627968959487442e-01    3.960139069608094e-01
 7.855855855855856e+01   -7.369764150254630e-01    3.660236252768712e-01
 7.863863863863864e+01   -7.125473126028249e-01    3.300215165929981e-01
 7.871871871871872e+01   -6.893431888994938e-01    2.878189200844035e-01
 7.879879879879880e+01   -6.670085083282015e-01    2.392498500680848e-01
 7.887887887887888e+01   -6.449518459178305e-01    1.842124584873159e-01
 7.895895895895896e+01   -6.223048214464674e-01    1.227430696159016e-01
 7.903903903903904e+01   -5.979093164300060e-01    5.513347332787950e-02
 7.911911911911912e+01   -5.703740831118042e-01   -1.790959389432636e-02
 7.919919919919920e+01   -5.382558695231977e-01   -9.509805569607696e-02
 7.927927927927928e+01   -5.003992975130830e-01   -1.744829841398285e-01
 7.935935935935936e+01   -4.563750146982058e-01   -2.535979010609483e-01
 7.943943943943944e+01   -4.068110874429848e-01   -3.298930865310066e-01
 7.951951951951952e+01   -3.533735849442662e-01   -4.013183002714686e-01
 7.959959959959960e+01   -2.983547667959550e-01   -4.667412524900986e-01
 7.967967967967968e+01   -2.441085210561418e-01   -5.259914246743497e-01
 7.975975975975976e+01   -1.926259885706801e-01   -5.795961194833582e-01
 7.983983983983984e+01   -1.453644078844786e-01   -6.284256339813675e-01
 7.991991991991992e+01   -1.032683752720502e-01   -6.734100171727271e-01
 8.000000000000000e+01   -6.687619269791810e-02   -7.153741062800915e-01
